-6.754258675078802
-9.42207357859531
-89.5833333333325
-93.28859060402581
-93.44262295081863
-93.63057324840659
-93.54838709677315
-92.95774647887222
-92.5925925925916
-92.77978339350081
-92.98245614034987
-93.3333333333323
-93.46405228758066
-93.3333333333323
-93.26599326599224
-92.83154121863699
-92.64705882352841
-92.80575539568244
-93.65079365079261
-92.72727272727172
-93.10344827586104
-92.95774647887222
-94.08284023668531
-93.37748344370758
-92.85714285714185
-93.0313588850164
-93.28859060402581
-93.26599326599224
-48.49263803680991
-11.148122866894182
-24.93826366559484
-12.815407854984878
-10.611111111111095
-13.421383647798722
-10.048122866894184
-7.818770226537204
-1.6119402985074522
-9.714285714285701
-3.3221843003412843
-10.23894080996884
-7.874626865671633
-9.10689655172413
-11.695518207282905
-8.139852398523976
-5.349458483754503
-8.402431610942237
-4.298019801980189
-3.1940766550522603
-81.18870431893717
-10.021383647798734
-9.528104575163391
-9.086486486486478
-7.096124031007745
-10.441945288753791
-10.099999999999993
-9.398679867986791
-8.054545454545448
-8.465124555160134
-10.478787878787871
-9.177181208053684
-9.69677419354838
-9.131986531986524
-8.001459854014591
-8.565724381625435
-6.5999999999999925
-9.177181208053684
-10.292307692307684
-9.040677966101688
-9.79677419354838
-8.564912280701748
-9.22207357859531
-7.155984555984549
-9.354966887417211
-8.2115107913669
-7.730111524163561
-8.415602836879426
-10.623952095808376
-9.528104575163391
-9.186486486486478
-9.22207357859531
-7.135797665369642
-9.655016181229765
-9.177181208053684
-9.738263665594848
-9.69677419354838
-7.785185185185178
-9.981703470031539
-9.612987012987006
-9.861146496815278
-7.9941176470588164
-10.060815047021936
-9.10136986301369
-9.159169550173
-85.76512455515952
-87.13826366559415
-84.4236760124605
-83.22147651006662
-83.53909465020524
-81.27340823969999
-83.87096774193496
-79.38144329896879
-75.75757575757567
-73.78277153558054
-71.1538461538463
-64.02877697841792
-71.73144876325101
-74.13793103448275
-69.23076923076948
-52.55474452554811
-70.0000000000002
-71.53024911032041
-74.72924187725627
-77.12418300653577
-63.23529411764758
-4.434965034965
-60.16495726495763
-66.41791044776159
-71.6088328075711
-73.15436241610745
-69.38775510204113
-66.88741721854342
-65.38461538461587
-71.53024911032041
-77.19869706840373
-77.19869706840373
-74.07407407407406
-76.19047619047608
-81.53846153846114
-78.57142857142834
-67.32026143790885
-79.38144329896879
-62.82527881040952
-71.15384615384635
-62.7118644067802
-55.78231292517059
-54.54545454545496
-54.88721804511315
-58.59872611465011
-52.89855072463827
-83.38870431893638
-73.2441471571905
-58.95522388059766
-71.01449275362341
-43.66197183098615
-45.736434108527384
-63.89891696750963
-70.14925373134349
-76.35135135135123
-62.19931271477737
-56.04395604395648
-53.84615384615419
-79.31034482758592
-5.856653992395472
-72.41379310344837
-63.333333333334174
-66.88741721854345
-55.22388059701577
-28.389473684210337
-46.15384615384691
-64.15770609319081
-67.32026143790887
-73.50993377483445
-51.557093425606
-80.89171974522267
-38.872789115646384
-51.49253731343343
-74.68354430379642
-57.792207792208266
-86.25429553264539
-87.09677419354752
-69.1780821917807
-72.04968944099386
-74.193548387097
-84.75609756097504
-80.83067092651723
-65.73208722741514
-73.58490566037764
-79.6610169491523
-94.08284023668531
-92.85714285714185
-79.23875432525924
-93.3333333333323
-89.79591836734609
-74.35897435897434
-74.11003236245959
-85.71428571428508
-49.421052631579
-52.85620915032701
-2.9352941176470253
-24.52543554006963
-8.296969696969633
-18.691803278688454
-5.246816479400682
-10.116216216216129
-33.372164948453495
-16.504109589040976
-64.05228758169993
-16.088888888888828
-55.32646048110004
-79.09407665505199
-63.576158940397875
-54.54545454545491
-62.328767123288216
16.158823529411258
-2.032775919732501
-47.761194029851374
-58.955223880597714
-50.00000000000063
-70.37037037037057
-65.15679442508758
-71.01449275362334
-61.67247386759631
-72.02797202797213
-72.69624573378846
-63.63636363636416
-76.67638483965001
-67.84565916398748
-65.27777777777825
-67.50902527075847
-61.089494163424774
-82.60869565217347
-46.28099173553782
-68.05111821086294
-64.53900709219909
-65.63573883161556
-74.99999999999999
-72.22222222222231
-71.51898734177233
-66.88741721854342
-62.19931271477713
-71.11913357400736
-63.76811594202956
-56.52173913043525
-65.51724137931079
-67.32026143790885
-70.03745318352081
-19.580419580420152
-56.112852664577204
-43.5736677115992
-40.140845070423005
-45.39249146757718
-51.219512195122356
-75.52447552447543
-83.10810810810761
-81.59509202453947
-71.11913357400736
-77.77777777777757
-69.79865771812104
-71.11913357400736
-72.88135593220345
-80.64516129032222
-67.50902527075854
-65.63573883161567
-28.571428571429138
-59.25925925925987
-69.69696969696999
-71.42857142857162
-64.28571428571489
-70.09966777408658
-61.267605633803406
-76.40117994100282
-70.37037037037057
-51.310861423221475
-68.85813148788955
-64.91228070175487
-67.10526315789511
-51.61290322580677
-61.68582375479
-58.33333333333394
-78.64768683273996
-75.69444444444434
-66.00566572238007
-71.53024911032041
-62.83783783783855
-21.42857142857201
-50.3384615384616
-79.02097902097874
-74.3589743589744
-76.66666666666652
-76.97368421052616
-2.4217391304348617
-75.94501718213047
-76.97368421052616
-73.8562091503268
-53.315267175572885
-55.27156549520813
-63.21070234113777
-45.190334572490926
-9.544444444444514
-72.88135593220345
-5.032967032967026
-52.53165467625928
10.408058608058408
0.902684563758104
-58.57241379310369
8.415057915057666
-0.6549450549452587
-66.10169491525465
-4.005194805194794
-81.76291793313028
-4.014492753623173
-77.77777777777757
-2.8357388316150995
-76.02739726027386
-2.9428571428571786
-7.054258675078801
-13.014577259475125
-46.30872483221528
-77.84810126582258
-45.05494505494562
-6.422222222222178
-3.9210526315789593
-7.099667774086335
-73.58490566037739
0.4111913357400283
-3.095970695970685
-81.70731707317032
-8.729824561403456
-9.084210526315754
-9.624183006535908
-10.391961414790957
-59.73154362416157
3.470479704796901
-65.77946768060893
-8.4542586750788
-8.231448763250828
-12.799999999999939
-17.638596491228
-9.2419354838709
-74.16974169741697
-64.05111821086288
-52.07667731629435
-52.731360946745745
-58.06451612903272
-46.99646643109588
-61.40350877193036
-69.38775510204113
-35.849056603774244
-58.8477366255151
9.973092369477548
-46.42857142857203
7.8190476190475415
-12.28880866425993
-44.89180327868852
17.27900355871803
-47.71241830065413
-68.75000000000034
-75.77854671280267
-55.821052631579114
-73.06397306397311
-71.11913357400739
-52.97805642633289
-62.26415094339689
-40.98360655737744
-53.23741007194305
-53.17725752508419
-82.3943661971827
-43.06049822064121
-64.54295302013452
-69.95708154506471
-54.38596491228131
-32.58426966292192
-78.87323943661946
-80.70739549839192
-76.27118644067787
-43.21766561514217
-78.52760736196295
-74.54545454545452
-64.14342629482141
-74.63768115942028
-51.89003436426173
-79.23875432525924
-51.04895104895166
-81.53846153846119
-78.72340425531891
-75.0889679715302
-80.19801980197987
-77.12418300653579
-65.11627906976793
-76.02739726027393
-69.92481203007542
-76.58862876254169
-72.33201581027679
-79.23875432525924
-77.34627831715193
-74.26470588235293
-72.0000000000001
-78.39506172839484
-76.51006711409383
-75.6097560975609
-74.99999999999994
-74.27652733118971
-76.51006711409383
-76.58862876254167
-75.46012269938643
-70.26022304832733
-78.05642633228818
-72.97297297297304
-4.823293172690978
-4.899630996310094
-3.238709677419287
-69.55436241610775
4.941176470588179
-0.13846153846160547
-5.985034013605464
-1.316216216216219
-5.800000000000004
-0.8451104100946552
2.061538461538369
0.7003690036899606
6.507692307692238
-7.826409495548901
-3.630225080385852
3.253191489361612
-22.626553672316295
-1.3202453987731317
-4.329966329966288
7.610810810810541
-18.8858237547894
-9.814285714285658
1.0448504983388567
-15.291803278688437
-52.70270270270337
-1.865517241379301
-70.69597069597094
-5.560975609756053
1.6871886120996251
2.969257950529993
7.025095057034154
-0.986394557823143
-2.79865771812079
-2.0411149825783994
-0.014790996784590504
4.805263157894675
0.6881355932203022
0.4726708074533903
-2.154430379746799
1.9039603960395652
-10.531654676259073
-2.338509316770171
-27.42996632996629
-1.87740863787376
-1.6774086378737643
-4.472972972972954
11.083657587548519
-69.8113207547173
2.9683453237409303
4.878260869565132
3.5189189189188426
1.3698412698411992
0.922222222222203
7.519047619047512
5.69729729729719
26.770491803278425
-46.80851063829857
-1.9411149825784122
1.699999999999914
5.617647058823437
-67.97153024911076
0.6642611683848685
7.799999999999777
-53.79537953795446
-52.304379562044176
4.166666666666615
-2.586394557823173
-68.19787985865767
-59.92527881040927
-14.20129449838192
-62.711864406780364
1.3610389610389397
0.7141762452106022
-5.896969696969652
-59.31951219512247
4.202605863192094
-73.8562091503268
-68.0851063829791
-33.80588235294134
-37.731543624161134
-53.76795366795412
-53.642384105960936
-49.61240310077592
0.24054054054045793
4.48301886792439
1.7499999999999112
-1.9522875816994016
-5.004761904761988
1.1163265306121595
-55.12820512820578
-69.3993569131838
-51.456310679612315
-37.226315789473745
-51.04895104895174
-73.24414715719067
-58.33333333333395
13.48461538461514
-6.232203389830712
3.022950819672076
11.038805970149085
-2.5898734177215523
4.711627906976656
0.7782608695650914
7.748148148148012
-3.603649635036625
-58.730158730159374
-71.6088328075711
-53.17725752508428
-8.977935943060798
-59.11949685534655
-53.94736842105329
-54.838709677420006
-15.75562130177506
4.402826855123607
-4.396369636963778
-63.210702341137804
-77.63578274760364
-53.57142857142927
-72.6962457337885
-64.02877697841795
-75.43859649122798
-69.69696969696997
-74.72924187725629
-52.89855072463838
-10.545454545454698
2.227586206896408
6.793991416308707
2.9710437710436857
-73.9413680781759
-67.39130434782658
-0.3989169675090807
-50.00000000000069
-51.89003436426187
-14.03846153846164
-57.23684210526382
-29.076677316294095
-48.14814814814885
-53.73665480427117
-71.42857142857157
-58.33333333333408
-26.458823529411916
-58.456973293768975
-18.195373665480588
-65.75342465753481
-67.27272727272774
7.931578947368209
4.204626334519482
3.056043956043819
-52.38095238095312
-56.37583892617512
-44.08503401360558
-72.22222222222231
-63.81578947368487
-77.70700636942655
-54.35684647302981
-53.84615384615459
-9.885034013605527
-55.71955719557269
-33.31186440677965
-67.3202614379089
-57.031250000000774
-12.355149501661122
-67.50902527075853
-56.375838926175156
-60.28880866426067
-57.95555555555585
-76.58862876254167
-54.098360655738375
-55.32646048110035
-2.014285714285723
-69.69696969696993
-18.13220338983067
-66.21621621621671
-65.77946768060899
-60.65573770491874
-75.30864197530857
-56.678700361011536
-49.458483754513345
-10.033333333333477
-6.298443579766655
-13.868421052631845
-69.49152542372909
-71.92982456140362
-69.23076923076948
-76.04790419161665
-68.42105263157924
-69.69696969697
-65.98639455782359
-58.19935691318386
-62.8482972136228
-68.96551724137962
-51.21951219512248
-75.69444444444436
-69.07216494845393
-67.39130434782653
-74.99999999999994
-73.50993377483445
-68.08510638297906
-74.99999999999996
-70.50147492625386
0.4140350877191068
-66.54275092936858
-70.90909090909112
-61.53846153846227
0.35352112676042324
-74.19354838709677
-59.10780669145053
-72.5085910652922
-67.53246753246793
-66.88741721854343
-62.6865671641798
-63.85542168674774
-58.33333333333406
-65.98639455782363
-60.57347670250958
-58.80149812734157
-77.49196141479081
-64.91228070175502
-55.47945205479521
-70.03745318352088
-56.521739130435485
-71.92982456140363
-71.15384615384636
-74.82014388489205
-59.70695970696042
-70.26022304832742
-75.8308157099697
-82.07885304659455
-46.04316546762653
-1.023890784983757
-51.61290322580696
-48.717948717949156
-78.87323943661946
-83.05084745762663
-86.48648648648582
-82.51748251748205
-83.38870431893638
-84.32601880877688
-86.71096345514881
-83.81877022653669
-86.0627177700342
-83.60655737704866
-83.87096774193496
-74.92163009404383
-82.63888888888843
-81.68498168498128
-86.44067796610103
-71.83098591549307
7.979775280898664
-68.96551724137957
-60.00000000000047
-50.19157088122669
-76.81159420289839
-77.4193548387095
-59.595959595960146
-60.784313725490826
-85.55956678700299
-60.26490066225218
-64.4128113879009
-55.22388059701564
-74.07407407407406
-78.57142857142833
-82.99319727891108
-87.01298701298631
-86.30136986301304
-85.40145985401398
-82.63888888888842
-80.26315789473651
-76.28458498023703
-79.83870967741903
-81.75182481751783
-81.75182481751783
-82.63888888888842
-82.93515358361726
-85.54913294797626
-79.91967871485912
-88.13056379821883
-84.07643312101857
-81.94945848375409
-79.72972972972941
-83.16498316498267
-82.99319727891108
-83.16498316498267
-83.66013071895374
-80.62015503875934
-83.10810810810761
-87.26114649681458
-85.71428571428508
-80.2371541501973
-82.6989619377158
-81.68498168498128
-83.22147651006662
-82.20640569394973
-78.64768683273996
-81.88405797101407
-84.07643312101857
-83.87096774193496
-81.75182481751783
-82.1428571428567
-82.93515358361726
-83.71335504885941
-83.33333333333283
-81.41263940520406
-85.46511627906915
-80.32786885245869
-84.27672955974788
-84.27672955974788
-82.20640569394973
-81.41263940520406
-83.05084745762663
-86.48648648648582
-81.8181818181814
-85.71428571428508
-83.55263157894686
-85.11904761904702
-83.22147651006662
-83.60655737704866
-80.8306709265172
-83.60655737704866
-83.97435897435844
-81.34328358208916
-81.27340823969999
-83.16498316498267
-82.07885304659455
-81.48148148148108
-81.54981549815457
-79.91967871485912
-82.99319727891108
-80.51948051948017
-74.35897435897442
-82.33215547703135
-78.63247863247838
-83.81877022653669
-83.22147651006662
-83.87096774193496
-82.0143884892082
-61.538461538462094
-82.87671232876664
-77.18631178707207
-83.60655737704866
-82.1428571428567
-82.63888888888843
-82.26950354609885
-82.87671232876664
-81.13207547169773
-83.71335504885941
-82.99319727891108
-82.87671232876664
-80.98859315589316
-83.44370860927101
-82.99319727891108
25.035294117646643
-84.61538461538404
-84.27672955974788
-74.60317460317458
-83.16498316498267
-67.7419354838713
-82.51748251748205
-83.55263157894686
-80.26315789473652
-81.34328358208917
-84.22712933753888
-82.0143884892082
-84.80243161094167
-83.92282958199304
-81.41263940520406
-81.13207547169773
-81.41263940520406
-83.16498316498267
-81.8181818181814
-83.71335504885941
-83.10810810810761
-82.33215547703135
-83.76623376623324
-81.8181818181814
-84.80243161094167
-83.71335504885941
-78.02197802197787
-83.66013071895374
-77.77777777777757
-79.31034482758592
-80.5447470817117
-83.92282958199304
-81.41263940520406
-83.76623376623324
-81.13207547169773
-84.22712933753888
-84.37499999999945
-85.25073746312624
-75.10373443983404
-82.99319727891108
-82.7586206896547
-81.59509202453947
-85.91549295774584
-83.49834983498299
-83.27759197324364
-84.32601880877688
-82.87671232876664
-82.5783972125431
-84.75609756097504
-83.8056680161938
-83.27759197324364
-83.05084745762663
-82.63888888888842
-83.87096774193496
-85.46511627906915
-83.55263157894686
-82.93515358361726
-82.99319727891108
-83.22147651006662
-83.60655737704866
-85.20710059171537
-83.27759197324364
-83.97435897435844
-79.7570850202426
-83.05084745762663
-84.84848484848426
-82.63888888888843
-83.55263157894686
-82.07885304659455
-75.26501766784449
-83.66013071895374
-82.6989619377158
-82.39436619718265
-82.63888888888842
-81.75182481751783
-85.20710059171537
-85.11904761904702
-83.27759197324364
-82.33215547703135
-82.07885304659455
-82.33215547703135
-81.61764705882312
-83.66013071895374
-81.2030075187966
-82.0143884892082
-55.01730103806325
-79.38144329896896
-81.27340823969999
-81.19122257053263
-81.94945848375409
-83.22147651006662
-81.70731707317032
-81.06060606060568
-80.62015503875934
-83.44370860927101
-82.7586206896547
-76.92307692307676
-84.02555910543077
-82.0143884892082
-84.12698412698359
-82.63888888888843
-82.07885304659455
-82.20640569394973
-84.02555910543077
-82.5783972125431
-80.69498069498034
-83.44370860927101
-84.61538461538404
-83.22147651006662
-83.10810810810761
-82.39436619718265
-83.76623376623324
-80.98859315589316
-83.33333333333283
-85.02994011975989
-84.70948012232358
-76.56250000000007
-82.0143884892082
-46.202531645569984
-9.823293172690807
-82.33215547703135
-84.89425981873053
-83.38870431893638
-80.46874999999966
-83.81877022653669
-82.20640569394973
-84.37499999999945
-81.34328358208916
-83.49834983498299
-83.44370860927101
-74.72924187725634
-76.74418604651169
-82.51748251748205
-84.07643312101857
-84.4236760124605
-84.9849849849844
-83.55263157894686
-81.75182481751783
-78.41726618705012
-62.825278810409486
-67.63754045307489
-69.8113207547174
-82.7586206896547
-84.27672955974788
-83.55263157894686
-73.07692307692263
-89.32384341636929
-67.63754045307486
-82.33215547703135
-83.16498316498267
-80.39215686274476
-79.38144329896879
-83.76623376623324
-83.71335504885941
-84.66257668711599
-82.07885304659455
-84.4236760124605
-83.22147651006661
-81.68498168498128
-83.55263157894686
-83.44370860927101
-82.63888888888842
-83.87096774193496
-86.0627177700342
-82.0143884892082
-84.12698412698359
-84.27672955974788
-82.87671232876664
-82.81786941580708
-81.06060606060568
-81.8181818181814
-82.7586206896547
-79.07949790794952
-79.83870967741905
-80.84291187739427
-81.48148148148108
-81.88405797101407
-84.32601880877688
-82.1428571428567
-83.27759197324364
-84.37499999999945
-84.12698412698359
-82.01438848920822
-85.63218390804535
-84.61538461538404
-81.34328358208916
-78.41726618705012
-83.76623376623324
-82.0143884892082
-80.46874999999966
-80.32786885245868
-83.44370860927101
-85.25073746312624
-83.81877022653669
-82.20640569394973
-80.31496062992092
-81.94945848375409
-84.02555910543077
-80.98859315589316
-80.7692307692304
-82.99319727891108
-83.92282958199304
-81.8181818181814
-83.27759197324364
-80.46874999999966
-84.47204968944044
-84.07643312101857
-83.16498316498267
-83.33333333333283
-85.07462686567105
-82.33215547703135
-82.63888888888843
-86.0627177700342
-83.05084745762663
-81.2030075187966
-82.07885304659455
-85.23985239852338
-81.8181818181814
-83.05084745762663
-90.65420560747575
-85.76512455515952
-89.72602739725943
-83.55263157894686
-83.76623376623324
-84.56790123456733
-80.7692307692304
-82.51748251748205
-87.09677419354769
-80.31496062992092
-84.02555910543077
-89.61937716262892
-83.97435897435844
-88.05970149253656
-76.510067114094
-59.50909090909116
-74.02597402597402
-35.558974358974254
-85.0187265917597
-93.17406143344607
-93.65079365079261
-69.79865771812011
-62.45733788395981
-92.88256227757907
-72.12543554006993
-79.38144329896879
-83.92282958199304
-84.939759036144
-89.01098901098821
-88.80597014925294
-87.17948717948647
-90.56603773584817
