-88.92988929889219
-102.22207357859452
-9.764912280701743
-10.356426332288363
-78.57763975155345
-9.106896551724128
-9.466666666666658
-9.622073578595309
-8.664912280701747
-8.20145985401459
-5.887421383647771
-2.0785467128027477
8.221810699588467
-1.1273972602739804
40.19811320754708
-5.884848484848442
-44.66623376623381
-35.822184300341206
-81.8181818181814
-28.571428571429383
-48.17272727272739
-97.85498575498558
-82.63888888888842
-76.19047619047612
-81.94945848375409
-83.22147651006662
-2.397689768976882
-67.53246753246808
-74.07407407407418
-79.7979797979795
28.63950177935937
1.5406685236768922
-75.94501718213054
-12.937078651685345
-15.921192052980073
8.973684210526255
7.923841059602623
-78.49462365591376
-80.8306709265172
8.393984962405959
-3.181355932203438
9.230036630036604
-12.703174603174611
-73.78277153558062
-73.33333333333346
-73.77049180327879
43.50980392156854
4.118475073313455
19.976056338029984
-34.85342019544053
-80.39215686274476
-61.97718631178781
-67.53246753246808
-69.58174904943007
-71.60883280757123
-30.147058823530198
-16.037837837837984
-51.21779141104358
-74.28571428571433
-50.57034220532401
-34.0277777777786
-43.307294832827125
-30.83895131086202
26.259385665528782
28.426582278480907
35.513793103448116
36.834113712374446
-12.899999999999785
112.90167224080312
96.62622950819717
-46.428571428572255
-33.08461538461591
16.279069767443545
-32.65993265993345
0.7415584415579559
65.02710622710691
34.806600660065904
33.535064935064824
-9.807299270073738
11.940298507464215
7.936507936509026
-29.260450160772482
-30.313588850175062
-34.21052631579026
36.71227436823093
31.507070707070532
-30.000000000000792
80.38181818181837
-33.99339933993483
-1.5503067484667667
8.778595317725177
26.733096085408945
-39.321019108280865
-32.65993265993343
-31.147540983607332
-39.56043956044037
4.174377224198693
82.28788927335727
37.017808219177965
-24.398625429554063
-31.677018633541156
-27.536231884058775
-0.9900990099004356
103.36887159533123
-19.46308724832262
24.864516129032218
35.267441860465
-18.238993710692473
-17.85714285714327
25.785714285714143
-22.580645161291084
34.64117647058946
-4.382470119521825
31.48788927335876
-21.232876712329425
15.37319884726221
269.8477351916383
-20.41522491349546
27.30268456375829
31.816129032257948
-29.44785276073689
23.331921824104207
-22.077922077922832
-22.558922558923204
-75.69444444444443
-75.69444444444441
-80.45602605863158
65.00000000000048
212.72727272727622
-76.92307692307676
-76.02739726027386
14.93192182410413
-79.99999999999967
459.60588235293574
31.28549618320597
3.0303030303025045
95.48735177865643
-63.455149501661914
-42.23826714801522
31.056357388316314
-43.89438943894471
80.0766283524953
-39.39393939394018
22.16666666666655
-39.2857142857151
-45.33762057877893
20.656187290969747
-41.3919413919422
76.6917293233135
-35.71428571428653
-21.708185053381545
45.87837837837942
292.4914675767775
63.346613545821576
-38.77551020408244
203.33333333333627
-32.885906040269276
-40.47619047619124
-44.26229508196799
-19.4139194139202
-31.596091205212534
-13.857677902622495
-40.983606557377826
202.93159609121003
-17.96875000000075
45.6953642384141
-46.87500000000077
12.994350282487025
32.295719844360676
18.466898954705414
-21.14695340501874
55.30303030303458
-26.910299003323072
-33.993399339934804
-30.72289156626587
-26.51757188498483
-13.621262458472618
36.518771331060925
10.465116279070614
47.97509157509214
26.486411149825493
25.863636363635962
198.1927710843423
18.959107806693147
34.92063492063807
-22.80701754386039
-40.47619047619127
257.63888888889227
-37.06293706293764
209.76430976431246
84.52903225806585
21.841558441558277
23.134328358210915
-43.92523364486059
27.923529411764648
22.232432432432326
16.233048433048374
218.8405797101421
240.35087719297334
263.94557823128315
41.914191419145475
-47.36842105263233
26.85242718446593
-37.71626297577933
-55.47945205479534
66.10169491525873
23.995031055900576
355.5547945205412
39.752941176470536
444.16961130740935
30.99743589743582
106.65882352941226
27.07476635514014
29.692832764507784
-40.199335548173536
329.09850746268626
205.75539568345854
18.15561959654351
25.752427184465937
-44.09937888198834
-43.89438943894468
44.06779661017269
209.4462540716628
-36.80297397769598
494.9820788530312
-32.58426966292215
-30.612244897959986
28.23406593406576
265.62500000000125
-44.625407166124575
32.63333333333327
211.64383561643962
58.08823529412179
-48.795180722892376
85.95419847328294
-40.39735099337832
-3.9039039039037298
-23.84105960264978
-37.007874015748854
-45.859872611465775
21.673003802283176
-8.01818181818222
28.966666666666626
-20.52980132450381
33.737062937062895
39.545323741007145
-53.405017921147774
253.27540983606622
25.000000000002203
-53.90070921985897
245.23809523808427
829.5241134751678
-6.148867313915865
-50.980392156863545
117.64617940199372
99.30204081632787
29.723529411764652
389.7959183673337
27.500000000000007
-33.823529411765506
-54.39739413680862
514.491549295769
30.399999999999935
68.42105263158379
326.4705882352799
246.15384615383581
607.4074074073903
23.35950155763235
28.683687943262335
267.6810810810822
93.77162629758274
260.36036036036603
124.84257028112495
555.3116838487889
80.92225705329169
466.66594982078465
107.89268292682945
150.8465116279073
322.9589041095902
521.3235294117582
27.640559440559386
415.04126984126134
27.702649006622437
116.83382899628279
132.1666666666668
901.9999999999819
315.0326797385501
132.06474820143916
312.8810035842242
140.6779661016972
51.23809523809527
57.20891089108915
54.38726114649684
530.7999999999951
429.6254237288109
287.4579937304079
415.3273972602719
78.60486891385773
133.26666666666722
96.25714285714324
277.4191126279863
94.71736334405152
129.66666666666683
249.5379008746366
223.82805280528157
195.3996742671021
187.84840989399325
85.85714285714295
193.3111111111121
339.59999999999985
69.50000000000003
85.84406779661026
72.64637681159432
104.01386138613896
107.62454873646226
209.05910652920994
72.92972972972977
66.28996655518402
57.65247148288974
95.31387900355895
113.17391304347862
279.2703296703296
114.48892733564026
184.29906542056145
124.6297577854674
148.61656441717824
110.281144781145
103.76731391585817
191.89411764705932
205.35185185185253
95.54082397003758
129.61612903225816
148.41052631578964
175.76440677966133
152.96992481203054
115.79437751004048
305.5358361774737
559.202158273376
247.73036303630414
122.59658703071707
142.26101694915286
170.19842519685105
310.67936507936474
203.83731343283608
210.62280701754395
401.2459930313573
128.56153846153873
282.76487455197133
392.5510574018094
115.25254237288152
187.0432234432236
27.126332288401187
140.66101694915278
152.90256410256447
230.2677419354841
116.82702702702716
92.3458471760798
281.72207792207865
249.66666666666748
116.81955835962177
214.72775800711824
251.16666666666686
153.10579710144935
108.12500000000014
293.242105263157
208.88675958188193
107.59189189189195
225.41724137931055
129.09627329192568
202.77931034482782
149.54067796610192
174.47283236994286
180.54951768488772
220.1166666666676
145.324390243903
321.39354838709664
118.68215488215509
131.7135338345868
137.6454545454548
318.5172413793093
191.32962962963003
265.07227414330293
173.51826625387065
286.98723404255355
309.0414965986393
607.7389312977078
187.71509433962328
239.9219178082193
202.6218543046361
281.00514469453344
91.4503401360545
149.48404907975498
284.8352517985612
159.41119691119735
215.7155709342565
160.2213114754103
253.18621908127233
160.50000000000045
473.0903914590728
356.4633587786259
289.23333333333306
370.5846153846149
98.8868613138687
343.0888888888887
223.86296296296334
189.32962962963012
167.7869300911861
122.84285714285741
225.47027027027113
69.53934426229517
280.1157894736836
196.39659863945624
153.25648854961887
467.5480836236908
164.75224913494839
211.16163522012678
277.68844984802473
201.33157894736866
201.97058823529477
232.93913043478278
239.73333333333426
117.2936507936511
356.5175438596472
208.90000000000083
427.9286689419763
307.9163763066198
236.36666666666753
326.156790123457
274.11481481481457
226.76666666666677
191.729595015577
352.84946236559045
103.61877133105824
268.60452961672473
234.1164556962037
180.03246753246813
97.29640287769791
278.8896551724133
121.50934256055373
68.91506849315076
285.03205574912414
350.31912225705287
99.47547169811341
159.92539682539712
521.9546712802755
291.562214983713
283.8259259259255
95.40512820512834
291.9079365079363
277.00000000000017
237.27777777777817
362.9222222222219
83.3833333333335
198.88813559322074
85.95555555555572
443.30708661415656
350.6849315068488
92.37912457912469
206.30638977635863
92.629192546584
655.7096774193516
246.60891719745268
218.83972125435582
308.9387096774191
283.1970873786399
97.23225806451624
333.4701298701299
294.4830508474573
467.73462897526434
86.97072243346022
445.3277777777764
249.50979020979054
167.34719101123605
553.7461254612523
258.6700729927014
293.7933579335792
278.34340836012825
401.147457627117
314.88961038961065
289.76783216783235
428.15205479451936
433.6205574912872
241.29411764705924
292.8003367003367
307.54615384615363
30.623529411764665
88.05316455696212
273.02903225806455
891.1212121212029
244.49528619528706
36.325850340136014
39.66917293233076
194.24485981308482
315.337764350452
610.4104477611888
235.19047619047643
24.785923753665642
79.60392156862751
103.09913419913441
281.4418118466898
84.73835616438369
253.73888888888962
35.145150501672184
499.0241379310314
31.305940594059344
244.83993610223735
332.5946308724828
117.17719298245635
187.42950819672194
233.96778523489965
280.6753246753252
701.1376383763812
183.69837133550556
36.0569395017793
298.73741496598626
319.1857142857139
127.52953020134271
118.74346289752663
601.7543859648925
70.31818181818196
388.93103448275644
72.57460317460328
287.6683706070291
96.88686131386888
761.8682926829207
108.76394052044628
365.16153846153856
311.5145985401464
659.2011235955025
73.75737704918033
103.41877133105828
126.10350877193008
262.99826989619385
222.2449664429533
599.3202898550701
82.61481481481502
210.70000000000087
104.0237458193983
665.6639097744294
34.08373702422142
188.42933753943277
334.5709030100333
408.80377358490335
32.99032258064512
180.94522292993685
45.243410852713126
269.29235880398716
597.718120805365
422.9247232472316
1.5873015873025031
27.474592833876173
11.11111111111236
28.426332288401206
80.78461538461563
325.6277777777778
34.8370629370629
315.03060498220617
299.7117647058827
359.2965517241361
363.5939929328621
86.04651162791214
22.704225352112637
43.429896907220524
318.2306748466253
71.22713178294619
344.9810035842287
324.23696369636946
268.7883116883124
379.7232974910381
290.8838709677418
285.3258278145696
322.4470588235295
241.2116719242909
67.5637992831555
70.84927536231888
32.577566539926764
237.67777777777872
307.75350553505524
29.32484076433117
121.50540540540555
424.5283018867733
304.5932885906038
32.60287539936097
311.80069686411105
74.71229235880404
14.186851211074226
336.4444444444442
403.98719723183325
181.33573667711664
209.76430976430564
387.51081081081
493.44708171206025
42.695522388059665
319.5846153846156
315.50323624594347
269.7058823529411
79.18333333333374
33.868965517241335
201.32450331125634
272.1257525083613
36.76849315068488
184.31021671826696
79.8377224199293
249.94210526315612
212.59616613418615
440.2180327868806
268.9108108108112
31.02352941176467
36.781949458483716
32.949693251533716
52.614285714285884
74.07407407407925
266.5480427046088
34.8229235880398
397.90501672240754
40.464406779661296
357.72875816993394
35.60424028268544
186.17595628415378
58.26379928315603
273.10754716981137
33.891503267973825
227.3918918918926
40.540579710144875
90.76896551724371
361.875159235659
428.0277108433722
287.4697594501701
613.5309278350411
232.18490566037815
209.58032786885312
205.72575250835465
33.433447098976075
41.652941176470556
298.663414634146
79.33636363636388
345.18272425247375
41.86979865771804
32.50287539936097
196.29387755102064
209.11032028469828
310.3099290780143
307.0705685618732
539.4379446640297
216.62899022801392
49.86712328767122
187.41509433962327
48.08120805369123
29.98220858895703
54.67625899281019
180.00000000000475
310.64880546075005
221.82288401254013
187.53721682847944
31.07955390334567
435.9285714285672
-40.350877192983276
687.5562737642491
319.271159874608
199.69523809523832
280.56084142394735
460.0695652173903
519.9917808219146
244.9842105263159
217.15210355986395
716.9726618704955
239.69473684210556
239.1608391608265
228.9333333333344
204.30066225165714
50.50167224080699
40.86551724137926
51.19999999999996
55.81525423728861
391.7961130742047
230.42631578947407
267.4911660777212
246.6588235294103
210.5802047781522
-0.8017064846419899
51.85185185185621
118.95424836601833
66.04900662251696
167.29655172413865
446.7763440860176
69.25438596491244
38.408304498273125
264.771014492753
9.090909090910483
-45.05494505494587
91.77692307692313
268.364406779661
-51.61290322580726
104.59527559055141
469.6952029520284
537.5482758620626
83.61134020618618
83.83753943217756
375.39411764705824
384.630039525691
571.6358490565976
59.259259259263885
52.551063829787225
-50.16611295681145
109.7908496732029
-20.136678200692486
28.289473684213007
286.04824902723703
85.87360594796056
100.6351351351355
348.5679245282946
379.9999999999823
318.30065359475407
41.17647058823882
627.8501779359381
326.6503355704671
190.65743944637015
285.0473684210521
90.12006079027381
243.68823529411839
228.99090909090938
140.50496453900766
4.026845637584955
316.03696369636765
262.2239700374445
229.66227106227132
423.0182795698906
112.57485029940648
170.83333333333883
238.28996282526595
246.3610389610398
214.4583850931681
86.38649517684914
107.93561643835656
156.57894736842587
190.7348242811519
128.84012539185483
89.427777777778
54.990410958904775
32.45033112583074
291.4590747330788
316.0839160838992
135.03243243243332
329.92357414448657
75.20669144981431
119.21698113207574
496.89139072847433
265.26861313868505
253.04029304029302
67.40508474576274
89.45314685314835
79.78702290076345
4.3165467625910185
279.8950354609932
55.68726114649684
255.48172757473367
162.22914979757158
223.62459546924742
262.8771535580355
334.3759493670878
171.1414225941439
308.1331269349837
235.3846153846052
125.63157894736949
381.4714285714265
147.23851132686167
139.5917933130704
97.95221843003938
293.1697594501714
45.0394984326024
281.04341637010685
404.5618677042788
502.75667870035795
125.00000000000026
61.750170648464234
84.16586345381555
201.71073825503393
209.21135646687762
118.27848605577736
64.28540925266918
56.79442508711255
212.9251700680218
3.2028469750900364
38.13809523809635
70.89405204461116
127.86306620209089
86.22105263157901
71.11818181818187
209.9462686567168
40.1515151515185
114.25373134328393
268.5882352941158
125.73071895424869
197.19411764705907
123.88059701493032
263.04909747292413
322.3975945017175
337.125441696113
45.30519877676289
149.85510204081692
233.25633802816938
122.51641791044804
329.9343283582078
222.20000000000059
306.4240601503753
431.9388888888877
339.76111111110924
264.9545454545452
473.94456928838787
272.08763250883385
415.66811594202824
241.1947368421055
302.7207612456746
422.63098591549226
450.2237154150191
221.63790849673276
299.53333333333296
196.8993377483447
507.15925925925603
537.0096774193537
192.37035830618964
124.89230769230775
280.9705882352939
348.17391304347603
227.7029900332236
192.50440251572397
344.14736842105134
255.65771812080538
320.738356164383
276.68181818181824
189.8117647058827
133.47510373444013
257.80000000000047
176.37633136094752
235.59322033897124
223.03776223776262
140.5063291139295
111.73939393939403
96.53095975232216
436.9444839857637
243.57363344051464
203.51428571428653
421.5027397260261
294.3310344827579
207.52268041237136
110.7571428571431
383.0859060402675
738.1727272727193
180.43898305084784
88.06301369863029
380.73020134228113
107.88493150685008
516.6298245613989
183.7222222222225
102.83131672597888
226.7326732673179
361.0164179104461
248.43924050633007
216.83168316831046
355.23037542661956
285.4545454545272
300.30398671096003
404.4455445544547
154.0376306620213
482.1610389610373
224.55454545454305
266.9783505154638
90.97662337662344
282.88833922261506
182.55384615384662
246.45223880597052
115.84814814814837
189.3229508196736
265.85920577617316
215.01831501830856
102.05789473684236
95.72953736655327
406.47364620938436
394.8619718309854
510.6857142857108
193.89631901840528
92.37912457912469
377.35454545454365
574.9692307692279
105.41386138613886
106.77282229965168
633.9269372693706
385.22727272727076
944.0999999999943
437.98333333333227
138.38135593220358
96.86389891696764
490.69090909090426
122.81812080536946
-12.879783393501805
261.24197530864274
379.84843304843065
123.66109422492934
200.3078498293522
326.130769230769
580.4370370370326
322.0469387755099
142.27058823529444
504.24285714285384
177.3531791907523
83.71155115511564
439.7888888888865
246.2906040268458
184.28064516129052
250.16835016833434
91.38840579710151
234.64569536423892
125.09090909090929
345.4450704225352
220.02941176470682
102.51353135313553
185.7142857142886
112.99803921568642
447.38181818181533
141.15755627010134
126.65130111524186
175.2701949860731
158.7229508196725
125.40276679841907
310.0073170731711
315.2794871794873
473.33529411764556
295.6485804416392
601.5740863787335
79.7039215686275
230.3231788079474
381.3442804428039
379.20288808664026
177.89326599326967
421.09444444444244
302.0999999999997
516.3933852140059
226.26666666666756
303.04013605442145
610.6251748251706
255.20129870129932
216.7362126245858
235.42702702702786
512.2888888888847
337.8648208469054
523.6714285714248
272.32307692307694
263.2210526315788
730.6957746478791
136.38985507246383
102.1801346801348
377.5657439446354
164.26426426426985
618.5917293233024
127.31428571428594
213.67269624573467
297.30909090909057
259.70549828178684
419.52857142856874
471.852525252522
882.6676056337903
260.0250000000003
80.70487804878053
253.4640287769788
148.67054263565916
214.335922330098
520.5999999999963
204.02716049382803
113.76929133858283
257.83291139240583
87.01188118811896
468.1978102189767
96.73907284768232
198.30508474576206
350.43417721518887
882.9543859649023
98.29847094801252
202.23006535947783
297.78100890207696
338.6757575757572
161.58940397351483
368.3974522292971
182.33181818181893
410.9428571428553
95.85957446808533
180.78348623853293
140.6250000000051
95.21677852349013
63.19354838710001
249.4809688581159
132.37272727272756
445.1112582781441
175.6761194029871
400.3845018450176
368.3075601374562
336.49701492537184
102.76158940397376
470.3125475285156
212.91538461538545
358.49440559440546
