-60.122699386503555
-10.112639405204442
0.8140350877191622
3.168794326241123
-9.59867986798679
-8.615602836879425
-9.25429553264604
-9.896774193548378
-9.642105263157887
-3.120979020979007
-0.1999999999999993
-8.039852398523976
-9.67068403908794
-9.186486486486478
-10.499999999999991
-15.565349544072886
-8.665124555160133
-1.673239436619724
-11.030563798219577
-10.161146496815277
-8.5115107913669
-8.964912280701746
-8.862717770034836
-7.939852398523977
-8.765124555160133
-10.012987012987004
-3.438754325259506
-11.527868852458978
-18.947368421052577
-10.838888888888864
-4.062500000000014
-11.79834983498347
-4.502189781021896
-11.04418604651163
-0.6085910652920887
-8.29314641744545
10.332394366197136
-36.84210526315871
-11.051807228915653
-82.07885304659455
-76.28458498023717
-23.398679867986772
-85.46511627906916
-4.409090909091027
-6.18144329896905
-4.198019801980184
-9.993197278911543
-85.23985239852338
-9.259169550173
-9.306896551724131
-8.659566787003602
-9.259169550173
-9.494557823129243
-9.631986531986522
-8.285185185185176
-85.8657243816248
-9.766666666666657
-9.40136986301369
-9.277181208053683
-9.67718120805368
-84.12698412698359
2.600334448160538
-9.017981072555168
-8.30145985401459
-11.472093023255805
-7.832824427480906
-85.50724637681097
-38.37037037037035
-5.92447552447552
-3.730976430976419
-30.235153583617688
-73.68421052631592
-84.37499999999945
-2.2201438848920745
-80.89171974522256
-80.84291187739427
-83.16498316498267
-81.13207547169763
-15.166666666666616
-5.465771812080517
-23.41877022653719
-36.39999999999991
-19.08405797101446
-82.33215547703135
-80.06644518272394
-71.05263157894784
-32.22447552447543
-84.56790123456733
-86.53198653198586
-65.77968127490075
-83.27759197324364
-81.01265822784778
-25.65263157894733
-79.02097902097876
-82.45614035087674
-99.04981549815479
-79.38144329896879
-73.87759197324462
-19.45862068965513
-83.49834983498299
-26.324148606811093
-92.2236760124612
-81.13207547169773
-85.07462686567105
-25.398961937716216
-81.34328358208916
-82.75862068965476
-42.94848484848487
-22.156097560975574
-85.55956678700299
0.8302583025830259
6.146715328467135
1.0186440677966146
6.4333333333333265
3.7748466257668767
3.703030303030303
6.934586466165399
5.0960629921259795
7.322222222222205
1.9714285714285715
-2.409756097560958
7.965034965034963
-1.9705882352941124
3.634351145038149
-2.093548387096753
-0.609933774834424
3.9685314685314523
7.787947882736098
-78.18181818181799
-3.8441860465116235
-1.4144927536231862
0.7037542662116074
-2.7562091503267787
4.053061224489756
-5.494076655052245
-2.623076923076903
-5.597979797979779
-9.733110367892944
-24.293548387096727
-0.896969696969677
-27.01428571428562
8.590082644628026
-83.92282958199304
1.4909747292418984
-1.2634069400630779
-2.7308157099697628
0.12702702702703306
-9.981443298969037
9.19008264462806
-89.88421052631612
-83.76623376623324
-4.36577181208053
-5.04627831715209
0.30736196319018916
-6.709215017064807
-2.35135135135134
-0.8454545454545546
-0.6201438848920944
5.619455252918243
-22.78431372549028
0.6740259740259802
-31.065017667844522
6.591194968553431
6.758064516129018
11.80068728522334
17.999999999999964
6.762459546925562
7.633333333333315
12.344776119402923
-0.9770642201834718
5.658064516129009
-3.635782747603823
2.504029304029281
3.9751879699247894
2.749999999999968
14.354545454545367
-33.453968253968355
-84.61538461538404
2.4518518518517958
18.20505050505043
25.5438356164382
-28.0821917808224
-0.094444444444445
3.739766081871341
5.841868512110722
-70.77922077922103
-3.184552845528735
-6.291719745222911
0.6157894736842096
-0.5100323624595475
12.524137931034282
1.0284697508896024
-2.257575757575758
-2.894623655913975
6.19014084507041
2.5037542662115975
5.012582781456906
-63.52583586626221
56.167971530249105
10.497247706422002
1.939024390243894
40.191814946619026
2.119923371647502
52.539622641509254
49.936690647481996
10.830036630036616
12.06228373702421
17.41278195488716
5.407865168539271
-4.2976897689769125
-3.0244755244755552
-10.652920962200163
-80.69498069498034
-83.49834983498299
-83.22147651006662
11.388135593220312
36.05094339622637
-84.22712933753888
-81.54981549815457
-81.68498168498128
-81.94945848375409
-82.99319727891108
-83.10810810810761
-84.2271293375389
-79.7570850202426
-85.25073746312624
-81.8181818181814
-81.94945848375409
-82.5783972125431
-80.5447470817117
-84.9849849849844
-82.5783972125431
-85.45454545454484
-87.76758409785859
-85.76512455515952
-82.87671232876666
-81.68498168498128
-81.8181818181814
-84.939759036144
-81.3664596273288
-82.87671232876664
-76.66666666666653
40.04944237918202
7.457249070631949
-5.525899280575709
17.180327868852373
-77.35849056603756
6.53582089552237
-76.92307692307682
-82.93515358361726
-82.0143884892082
-82.63888888888842
-85.02994011975989
-81.75182481751783
-74.26470588235303
24.143065693430344
-79.23875432525925
-80.95238095238058
-83.81877022653669
-85.45454545454484
-84.4236760124605
-82.93515358361726
-81.54981549815457
-69.9248120300755
-88.2518248175186
-85.11904761904702
-32.11764705882346
-83.49834983498299
-83.71335504885941
-8.20810810810809
-82.1428571428567
-82.63888888888842
-83.05084745762663
20.74520547945201
-79.88505747126405
5.521917808219161
-31.930225080385966
-80.58252427184432
-83.20300751879745
-20.493197278911524
-10.635153583617722
-3.9039039039033745
-82.5783972125431
44.8341614906832
-84.37499999999945
-82.55813953488327
-78.26086956521718
-82.63888888888843
56.88813056379843
20.042906574394415
28.61924398625422
32.48028169014077
-84.3258992805763
-33.369169960474636
24.57982195845689
86.56379928315428
27.54697986577176
41.346334310850374
17.509665427509262
32.2694656488552
-82.0143884892082
-82.93515358361726
-47.56554307116186
-55.128205128205934
-55.974842767296394
-53.6231884057979
-59.50155763239956
-83.55263157894686
61.51525423728815
43.2230769230768
15.26666666666663
-50.70422535211348
148.68518518518553
-56.37583892617531
-41.1764705882361
-84.52012383900872
88.76379928315427
409.9154929577428
-4.549180327868845
90.63698630136999
100.27984790874548
96.15294117647072
70.91538461538478
85.67072243346027
86.62456140350919
145.6003412969288
75.2139372822301
130.53892215569374
-82.5783972125431
-1.9273972602739704
104.36530612245012
69.461596958175
184.97166123778703
67.57457627118676
205.4449664429538
71.39809885931905
18.663345195729498
4.499999999999982
1.5270270270270068
2.3037542662115946
-57.142857142857956
267.8122807017561
279.33333333333235
124.97878787878813
192.69093851132806
117.86122448979603
243.42258064516176
-83.49834983498299
119.72727272727295
39.56551724137924
35.42195121951203
-46.843853820598824
36.961165048543606
94.79036544850526
-49.83277591973326
3.7808664259927767
-0.7092198581557122
47.62007722007721
172.38181818181894
-10.034602076124433
367.77313432835575
-59.770114942529545
58.46281588447681
-6.0150375939844345
99.90458015267207
54.86211180124222
-4.119354838709684
1.6701754385964627
132.9981684981687
151.55153374233174
45.54984894259812
279.91643835616446
174.30547112462085
-9.420289855072184
373.8244582043337
54.6458966565349
-80.31496062992092
236.35880398671264
76.1909090909093
51.947882736156686
-83.01877022653781
-11.740677966101678
-7.4561403508771775
-8.076712328767107
-11.940677966101678
-30.795238095238815
174.34479638009097
-9.72555910543129
-85.11904761904702
-83.55263157894686
-83.81877022653669
55.69233449477346
58.55092250922513
2.3777777777777693
0.6707581227436847
44.04957264957258
72.02168674698811
-1.7216300940438742
-45.65263157894742
-69.04024767801897
-4.761904761904409
178.68181818181847
127.66265060241003
-38.62815884476611
35.070411985018666
-9.909909909909699
4.8409495548961345
-14.084981684981644
100.54596273291942
-15.254237288135766
-103.18972332015761
-48.38709677419434
-83.92282958199304
93.8537906137185
25.86332179930792
-84.4357976653691
-81.8181818181814
-83.33333333333283
-83.71335504885941
-84.79087452471425
-84.67432950191514
-86.34812286689353
-83.16498316498267
313.07181208053686
17.21611721611889
-85.23985239852338
-76.51006711409383
-86.15916955017236
-86.75496688741656
-72.78911564625872
-84.80243161094167
-25.542857142857095
97.06813186813204
47.05714285714296
49.01219512195189
78.44615384615403
-72.41379310344836
-86.25429553264539
-83.44370860927101
-83.16498316498273
-82.7586206896547
-85.76512455515953
-83.44370860927101
58.055844155844284
108.4691756272403
-84.17721518987287
-82.0143884892082
-83.87096774193496
-87.17948717948647
-82.0143884892082
-90.25974025973939
-50.16611295681142
5.933333333333323
61.40350877193457
-84.12698412698359
-87.46081504702123
-84.52012383900872
-85.20710059171537
-82.45614035087674
-86.79867986798611
-9.374999999999881
-87.09677419354769
-80.2371541501973
-84.22712933753888
52.20565371024729
5.633802816902389
-49.04458598726189
-91.21438848920882
-68.39865771812129
-38.56655290102465
54.40326797385643
-82.51748251748205
-86.88524590163867
10.225000000000051
-59.01639344262375
120.20204081632673
-16.905444126074645
-10.267901234567885
-84.07643312101857
69.42688172043046
-82.26950354609885
-14.299999999999383
211.7629629629639
78.63333333333347
-80.5447470817117
8.796350364963473
6.007067137810175
-9.090909090908987
45.571974522293004
13.53962264151
137.7259259259263
14.946391752577185
-52.38095238095317
60.746020761246086
-47.18309859155008
-84.1269841269836
-86.2068965517235
-54.796124031007956
-26.30136986301368
-85.29411764705821
-93.3333333333323
-19.40145985401458
41.761048689138505
46.66100628930846
26.947058823529368
47.19535603715185
60.81525423728833
119.92491103202875
45.58837209302331
58.21933085501867
32.29426751592348
-41.8604651162799
56.70891089108922
-12.386706948640365
34.53780918727901
34.50216606498178
-23.357664233577356
-31.972789115647064
23.560516605166
9.506367041197926
-52.802359882006726
14.675931232091543
185.71428571428996
39.002623906705146
20.84532374100688
138.79411764705912
100.23333333333359
194.39411764705957
137.52130584192457
44.88996655518412
34.8464163822525
67.01654676259034
16.19718309859325
-16.932907348242953
-52.09580838323435
-86.01398601398539
-18.56677524430012
37.28458781361992
194.79999999999978
-37.72893772893854
28.74410876132918
34.86842105263432
-32.83582089552319
-24.812030075188797
35.497069597069476
-49.494949494950305
-48.27586206896633
-45.454545454546285
136.100000000001
43.56885245901635
-52.681388012619095
34.34641638225249
38.44532374100713
-51.49253731343365
27.861128526645665
-47.8827361563526
106.18305084745774
56.16144578313272
33.57306397306391
1.6393442622960386
117.50278637770919
-37.075080906149424
43.92024291498027
27.59027355623087
-51.92307692307774
40.76206896551711
-51.29870129870211
67.01818181818197
-19.41391941391984
30.25567010309269
28.823529411764646
26.50621118012412
36.630769230769125
24.753956834532268
-63.89891696750984
31.227210884353575
39.59270072992686
115.01485148514877
63.071747211896366
42.34631268436566
-4.153354632587268
9.929078014185622
32.406600660065855
-32.65993265993345
29.920560747663423
28.4926517571883
97.03095975232215
6.928522336769241
41.269798657718034
6.3122923588051325
18.93215434083654
-66.29213483146134
24.397763578274542
53.45247148288988
6.227106227107388
-53.795379537954624
-50.49504950495132
1.0101010101018888
22.095774647887296
41.96363636363626
-59.595959595960416
0.35842293906897316
14.378260869565153
-51.04895104895187
14.644094488188848
-16.39871382636692
61.40636042402831
43.97407407407402
-41.391941391942204
22.32206405693946
25.127760252365896
27.64912891986055
-7.534246575342165
15.909876543209847
19.29729729729725
27.01811023622041
-61.038961038961844
24.638805970149214
31.899999999999935
37.015658362989235
-3.9145907473303416
15.46315789473681
-54.83870967742016
6.312292358805147
-47.91666666666749
27.844055944055896
74.3881118881123
-45.454545454546285
-2.777777777777039
74.72118959108298
64.56015037594162
-3.1141868512104494
64.34551495016618
107.2727272727322
39.2857142857175
-57.31707317073253
71.3829787234045
-15.824915824915934
70.2892193308551
55.00689655172421
54.892334494773834
63.60990099009935
75.30810810810826
61.4055944055945
12.582781456955102
0.35842293906895895
47.813924050632934
131.1745519713264
330.3172185430461
14.093959731545262
98.28013468013494
109.07288135593234
112.0866920152094
62.57665505226488
-1.6949152542366053
252.04705882353056
1.7543859649131357
60.319931271478026
19.354838709679278
-13.294797687861209
123.25773195876408
366.65942028985285
211.60000000000016
48.174294670846805
121.31551155115537
30.023529411764663
193.99387755102077
140.11304347826095
98.31152416356893
56.33093525179859
38.88888888889235
62.70000000000044
66.1712074303407
11.538461538462984
90.14084507042779
124.3570247933888
-21.787709497207235
136.95454545454555
280.9333333333341
143.023076923077
92.11254125412565
95.26567164179123
108.64275618374569
142.67844522968213
277.0259136212624
152.12898550724677
13.475177304966198
-4.024767801856992
99.00000000000117
52.24913494810106
145.88737201365228
26.62755417956651
186.54693140794288
207.29093851132743
18.518518518520487
432.58181818181475
-34.169278996866026
7.526881720431364
6.896551724139179
288.1046357615877
53.005464480878445
266.4428571428576
266.49230769230786
158.58181818181833
54.84908424908427
13.879003558720509
101.52091254753384
62.3012658227851
94.07894736842596
3.896103896104907
214.6853146853109
105.05970149253758
198.8445141065838
226.1172413793105
219.7818181818184
16.363636363637987
272.4257525083619
115.43271028037415
244.8112676056345
209.1816479400754
128.57210884353847
309.91307189542505
64.67065868263978
52.981132075473624
-26.42140468227507
212.6431734317298
-8.794788273615287
328.03673469387803
74.61428571428604
129.86306620209078
-21.768707482993808
36.30063091482641
53.476109215017985
14.583333333335053
126.25130111524189
222.62626262626355
14.391143911440816
115.6889733840307
221.82288401254007
26.760563380284147
78.71079136690662
285.226132404181
216.4449664429536
252.43498349835153
130.91353383458684
90.93333333333342
61.62560553633227
53.44498269896192
24.060150375942214
143.74736842105278
31.60606060606056
11.821086261982362
-5.06329113924
57.783032490975486
74.77022900763373
214.94035087719317
5.802047781571186
-2.3569023569016543
-0.9900990099002083
5.44217687074941
97.83478260869592
50.349650349654375
-0.3215434083593433
8.843537414967273
220.3451957295383
6.76156583630018
51.64941634241404
11.111111111112487
130.0831649831653
52.709090909091344
287.8326996197553
-2.7355623100297417
-0.34364261168300597
-11.042944785275836
-5.537459283387085
-7.407407407407057
236.69202657807438
92.06107382550354
74.81764705882365
65.00636042402826
131.59295774647916
51.10614886731392
119.96296296296381
17.216117216119073
59.88764044943822
123.51641791044798
0.31347962382530203
234.1812949640296
37.71409395973146
43.68970099667766
59.20909090909102
115.1599221789885
65.3446808510639
7.526881720431364
-9.69899665551807
33.56164383561943
-2.208201892743765
49.61543624161176
44.31794871794867
44.29530201342652
220.79863013698665
20.6225680933873
124.75070422535237
90.22312312312323
-42.02898550724719
158.86524822695563
12.373291925466638
7.382550335571741
190.2428571428581
67.57845659163996
63.31010101010145
8.843537414967258
57.55627009646758
-8.50489510489401
