-11.628089887640401
-5.751824817518235
-9.777181208053683
-9.494557823129243
-7.089723320158095
-80.39215686274476
-55.017301038062655
-87.34177215189804
-36.66666666666748
-10.33198653198652
-7.913725490196068
-11.66568047337277
-9.65496688741721
-10.321383647798733
-9.67068403908794
-10.041772151898728
-7.505660377358483
-8.994557823129245
-7.351968503936998
-65.56250000000045
-92.9650176678445
-82.87671232876664
-85.1851851851846
-85.61151079136629
-87.26114649681458
-88.30409356725069
-81.34328358208916
-11.585245901639329
-86.53198653198586
-85.13011152416297
-86.44067796610103
-86.57718120805302
-87.38170347003083
-85.61151079136629
-86.66666666666599
-85.34798534798475
-85.07462686567105
-85.66308243727536
-85.23985239852338
-86.53198653198586
-12.504093567251449
-8.615384615384603
-10.3111111111111
-85.55956678700299
-86.88524590163871
-85.23985239852338
-87.80487804877974
-80.8306709265172
-75.52447552447543
-77.77777777777764
-82.87671232876664
-84.17721518987287
-81.94945848375409
-83.10810810810761
-86.3945578231286
-87.98798798798724
-53.356140350877354
-31.034482758621063
-87.01298701298597
-35.06493506493557
-47.76119402985158
-35.06493506493507
-27.03255813953489
-11.93592814371255
-77.77777777777757
-29.799999999999912
-73.64810126582333
-17.290476190476127
-76.35135135135123
-30.691961414790917
-82.81786941580708
-79.02097902097887
-87.49999999999928
-65.57763975155314
-81.94945848375409
-12.306557377049154
-82.26950354609885
-93.1972789115636
-92.77978339350081
-92.619926199261
-91.15044247787519
-92.72727272727172
-92.4657243816252
-82.0143884892082
-79.9331103678929
-38.1443298969077
-9.708108108108085
-13.376433121019076
-11.758620689655144
-15.816216216216109
-15.81438848920859
-8.378397212543536
-12.019047619047596
-10.184057971014465
-81.27340823969999
-92.75362318840479
-88.92988929889219
-52.89855072463872
-60.58381877022689
-31.972789115646282
-5.721978021978002
-3.4650176678444993
-8.839350180505381
-9.044186046511587
-4.072727272727263
-71.1819819819824
-42.74117647058823
-7.773239436619688
-8.917266187050327
-26.261016949152484
-2.723076923076917
-12.398019801980157
-15.43875432525946
-5.323404255319129
-12.027868852458976
-6.363157894736824
-8.895845697329355
-85.33724340175893
-82.14285714285671
-22.930188679245212
-79.02097902097879
-80.58252427184436
-81.53846153846096
-32.38252427184458
-11.68742138364775
-77.27272727272711
-13.74627831715205
-78.79858657243791
-28.602919708029123
-95.55135135135133
-81.34328358208916
-83.16498316498267
-81.20300751879662
-87.84194528875305
-9.362717770034834
-86.44067796610103
-87.38170347003083
-83.99999999999946
-87.34177215189801
-85.99439775910301
-82.81786941580708
-81.54981549815457
-84.89425981873053
-88.98071625344272
-86.20689655172347
-83.97435897435844
-82.5783972125431
-83.71335504885941
-85.76512455515963
-87.09677419354769
-80.15873015872982
-80.46874999999966
-82.5783972125431
-84.22712933753888
-83.05084745762663
-84.37499999999945
-82.0143884892082
-81.34328358208916
-8.57204968944098
-84.56790123456733
-80.98859315589316
-87.49999999999933
-83.22147651006662
-83.92282958199304
-84.12698412698359
-82.6989619377158
-82.93515358361726
-33.09859154929676
-16.894117647058785
-83.55263157894686
-4.737154150197615
-81.68498168498128
-82.93515358361726
-21.73875432525946
-5.8292418772562815
-10.666445182724217
-86.66666666666599
-83.38870431893638
-77.69516728624515
-17.472727272727205
-62.71186440678068
-31.9727891156466
-82.75862068965489
-88.16568047337213
-85.11904761904718
-38.01132075471688
-83.16498316498267
-83.93574297188701
-36.94545454545462
-93.9814432989691
-57.29537366548145
-82.81786941580724
-60.57347670251001
-47.2555555555557
-80.69498069498034
-62.84829721362293
-79.66666666666708
-6.544747081712043
-8.617869415807542
-9.998961937716238
-8.991836734693848
-9.498349834983479
-81.8181818181814
-78.41726618705012
-85.02994011975989
-18.918918918918678
-68.94409937888179
-79.93311036789271
-86.149584487534
-60.57347670250988
-73.8805970149257
-12.759566787003587
-83.22147651006662
-74.63768115941932
-84.37499999999956
-10.299003322258892
-81.13207547169728
-13.185245901639323
-87.80487804877974
-83.05084745762663
-87.57763975155207
-82.93515358361726
-86.71096345514881
-85.96491228070111
-86.44067796610103
-75.26501766784448
-14.471428571428552
-13.265680473372765
-9.86308243727597
-12.89677419354837
-9.874329501915692
-11.422073578595302
-12.654320987654305
-10.559169550172996
-7.284057971014475
-10.966666666666653
-11.135694050991486
-12.605797101449262
-10.701459854014582
-8.005668016194319
-10.911111111111094
-11.24812286689418
-11.84210526315788
-8.19319727891155
-9.65263157894735
-86.48648648648582
-85.91549295774571
-69.34865900383207
-92.53731343283484
-94.15204678362466
-87.8048780487796
-92.92207357859505
-9.435797665369634
-10.521383647798732
-9.985245901639335
-11.38648648648647
-11.05501618122976
-8.562406015037583
-9.211510791366896
-10.31560283687942
-87.26114649681458
-87.46081504702123
-87.49999999999928
-81.53846153846118
-87.01298701298631
-85.8657243816248
-85.0187265917597
-85.55956678700299
-87.34177215189803
-86.34812286689353
-87.6160990712067
-85.8657243816248
-82.45614035087675
-86.71096345514881
-80.91603053435077
-87.69230769230695
-86.01398601398537
-85.55956678700299
-87.98798798798724
-86.01398601398537
-88.505747126436
-85.1851851851846
-87.6160990712067
-87.42138364779802
-84.37499999999945
-86.84210526315721
-88.23529411764629
-87.22044728434433
-85.61151079136629
-86.84210526315721
-85.50724637681097
-87.46081504702123
-80.06644518272394
-86.34812286689353
-87.3015873015866
-86.53198653198586
-85.8156028368788
-86.66666666666599
-87.69230769230695
-86.15916955017236
-89.1008174386913
-89.21832884096953
-68.19787985865791
-87.05501618122908
-85.96491228070111
-85.50724637681097
-87.22044728434433
-82.87671232876671
-85.0187265917597
-84.79087452471425
-83.55263157894669
-84.37499999999945
-84.79087452471425
-86.20689655172349
-85.96491228070111
-86.79867986798611
-87.69230769230695
-82.33215547703136
-82.8326180257506
-86.53198653198586
-86.11111111111046
-56.617647058823735
-8.359566787003603
-74.41764705882404
-82.81786941580715
-86.34812286689353
-13.469230769230727
-16.89834983498346
-39.06013071895427
-10.939759036144558
-12.25614035087716
-81.41263940520406
-86.62207357859464
-21.617869415807533
-5.6059829059828985
-7.64848484848484
-10.23894080996884
-7.805660377358482
-6.539837398373974
-8.906896551724131
-86.97068403908726
-81.61764705882312
-75.03333333333386
-10.13894080996884
-10.216099071207422
-6.570967741935476
-8.662717770034837
-9.410963455149494
-8.762717770034836
-9.086486486486478
-8.664912280701747
-9.981703470031539
-6.889723320158096
-9.04812286689419
-23.193197278911533
-86.25429553264539
-85.66308243727536
-86.01398601398537
-85.55956678700299
-87.76758409785859
-86.66666666666599
-82.7586206896547
-86.57718120805302
-85.55956678700299
-76.19047619047613
-81.88405797101407
-82.8178694158069
-87.95180722891492
-87.01298701298631
-87.09677419354769
-75.4385964912283
-93.35548172757372
-74.91039426523311
-64.28571428571536
-13.608108108108073
-8.3115107913669
-9.855016181229765
-85.45454545454484
-86.11111111111046
-85.66308243727539
-69.89966555183982
-82.26950354609886
11.11111111111126
-93.00699300699199
-85.71428571428521
-74.19354838709677
-43.254054054054365
-82.39436619718258
-86.62207357859464
-82.20640569394979
-87.80487804877974
-55.32646048110068
-61.78343949044686
-91.1504424778752
-92.30769230769133
-93.44262295081863
-92.18749999999903
-93.28859060402581
-94.08284023668531
-92.2480620155029
-92.83154121863699
-92.9328621908117
-93.84615384615279
-92.9328621908117
-93.37748344370758
-92.33716475095687
-73.24414715719074
-69.2727272727279
-8.663082437275976
-9.211111111111101
-8.554545454545446
-9.494557823129243
-9.213986013986004
-9.45429553264604
-10.441772151898725
-9.213986013986004
-9.139852398523972
-9.154545454545444
-9.164912280701746
-9.942105263157886
-8.670967741935469
-5.632075471698098
-8.413355048859918
-10.328104575163389
-10.340677966101683
-7.926984126984115
-9.711510791366894
-9.259169550173
-6.681481481481464
-42.758490566037864
-93.52750809061384
-90.8536585365843
-92.98245614034987
-89.09090909090808
-55.82808022922711
-61.38996138996176
-92.83154121863699
-74.26470588235196
-53.33333333333437
-92.98245614034987
-62.8378378378386
-93.31103678929662
-86.9281045751627
-71.24600638977664
-76.66666666666634
-93.80804953560265
-50.940614334472045
-93.69085173501472
-35.251798561151325
-89.76109215016986
-73.28244274809192
-93.69085173501472
-81.13207547169705
-93.10344827586104
-93.56913183279639
-90.35369774919532
-87.98798798798727
-71.42857142857059
-75.7785467128029
-70.39473684210427
-88.57142857142769
-90.25974025973922
-77.56410256410234
-33.55481727574853
-93.37748344370758
-93.0313588850164
-82.3321554770308
-73.78277153558086
-74.7634069400625
-37.26937269372801
-93.22033898304981
-93.44262295081863
-69.32515337423209
-74.11003236245965
-92.30769230769133
-89.39929328621828
-93.42105263157791
-53.795379537954865
-47.16981132075543
-89.65517241379207
-51.21951219512255
-33.33333333333432
-40.35087719298345
-93.3333333333323
-93.22033898304981
-45.05494505494597
-81.13207547169793
-88.13056379821893
-45.94594594594653
-83.16498316498215
-59.04436860068351
-92.2480620155029
-84.32601880877705
-54.2253521126771
-93.97590361445677
-88.02395209580732
-25.235051546391766
-53.642384105960886
-70.58823529411823
-86.15916955017224
-68.64111498257758
-93.31103678929662
-92.42424242424144
-61.937716262976814
-92.90780141843871
-93.127147766322
-79.02097902097826
-86.798679867986
-86.34812286689358
-87.30158730158625
-64.14342629482162
-64.66431095406378
-89.05109489051016
-11.081481481481458
-7.635153583617729
-11.512987012986999
-9.847985347985334
-12.978787878787863
-11.013986013985997
-11.677181208053675
-10.963082437275968
-6.943283582089531
-37.21818181818175
-29.44785276073629
-48.05194805194843
-71.73144876325114
-30.402930402930423
-53.560371517028834
-72.4375404530752
-11.559701492537302
-10.355016181229763
-10.754295532646035
-7.435797665369641
-7.762406015037586
-8.307246376811586
-7.985185185185177
-11.500589970501466
-9.831986531986521
-10.859701492537305
-9.506896551724129
-10.760815047021934
-8.813986013986005
-8.039852398523976
-11.204093567251453
-8.954295532646041
-8.71549295774647
-8.611510791366898
-11.13529411764705
-9.25429553264604
-7.6743295019157
-6.2635983263598245
-8.862717770034836
-9.459566787003599
-9.515492957746467
-8.959169550173002
-10.260815047021936
-7.7743295019157
-11.304878048780477
-6.294980694980678
-8.908108108108088
-6.003007518796977
-7.614388489208615
-10.011510791366893
-9.0595667870036
-7.433333333333319
-9.311111111111101
-9.940677966101685
-8.864912280701747
-8.463082437275977
-9.710963455149493
-8.962717770034835
-9.294557823129244
-8.515602836879426
-9.89867986798679
-8.411510791366899
-9.879487179487171
-9.628104575163391
-8.565724381625435
-8.3115107913669
-10.121383647798734
-8.565724381625435
-7.432824427480908
-8.759169550173002
-9.001369863013691
-9.140677966101688
-7.830111524163561
-8.762717770034836
-7.196124031007745
-9.140677966101688
-10.081703470031538
-9.354966887417211
-7.785185185185178
-8.415602836879426
-8.001459854014591
-11.203988603988597
-8.04798534798534
-8.51549295774647
-8.854295532646042
-8.3115107913669
-10.081703470031538
-7.315384615384607
-9.712987012987005
-7.013725490196071
-8.515602836879426
-8.759169550173002
-8.61549295774647
-8.762717770034836
-8.811111111111103
-9.001369863013691
-7.662406015037586
-8.154545454545447
-6.705668016194323
-11.90081743869209
-8.859566787003601
-9.008108108108088
-67.53246753246792
-93.00699300699199
-44.51786941580779
-9.879487179487171
-9.410963455149494
-10.578787878787871
-8.906896551724131
-10.377639751552787
-10.041772151898726
-8.507246376811585
-10.041772151898726
-9.712987012987005
-10.528104575163388
-84.4961240310072
-92.64705882352841
-50.19157088122679
-81.61764705882331
-59.8540145985412
-59.62732919254751
-92.98245614034987
-21.509225092250933
-33.88429752066215
-14.164983164983152
-14.894557823129224
-11.662576687116541
-8.060606060606037
-102.55862068965472
-17.498961937716256
-10.154966887417208
-7.049458483754497
-9.35614035087717
-9.985245901639335
-7.4561403508771775
-8.763082437275976
-7.5181818181818
-7.9181818181817984
-18.378853046594934
-31.244186046511544
-58.86075949367173
-93.26599326599224
-23.973352435530085
-9.152631578947352
-12.174358974358945
-9.011111111111102
-11.28524590163933
-10.922829581993547
-10.79999999999999
-9.89867986798679
-10.928104575163387
-8.915602836879424
-9.311111111111101
-2.6531120331950113
-9.866666666666656
-6.4174825174825045
-37.377215189873354
-36.22340425531921
-8.339852398523975
-10.160130718954226
-6.614960629921242
-6.849815498154964
-7.632155477031786
-9.967901234567885
-7.216030534351123
-10.396774193548378
-7.738888888888871
-6.373408239700359
-6.516030534351126
-8.777215189873404
-83.76623376623324
-71.83098591549343
-91.99999999999903
-41.58075601374678
-68.34945848375507
-8.915602836879424
-8.264983164983148
-10.615492957746465
-5.449815498154969
-7.452631578947358
-7.898961937716246
-6.418181818181804
-6.298961937716252
-5.742857142857131
-6.694980694980677
-84.52012383900872
-45.3125000000002
-68.96551724137976
-78.79858657243794
-85.91549295774588
-63.235294117647506
-38.14432989690751
-93.26599326599224
-75.86206896551732
-71.33757961783388
-83.05084745762663
-93.42105263157791
-93.17406143344607
-92.90780141843871
-30.36588628762521
-29.10447761194039
-93.31103678929662
-22.731182795698942
-40.78947368421121
-92.80575539568244
-81.24999999999983
-93.26599326599224
-81.2030075187962
-81.42414860681092
-71.33757961783334
-56.65634674922706
-56.834532374101734
-93.05555555555453
-93.54838709677315
-54.861111111112166
-59.10780669145032
-25.073426573426584
-60.39603960396146
-91.99999999999903
-86.8852459016383
-93.24324324324222
-52.542372881357004
-39.63564013840889
-68.19787985865774
-45.45454545454583
-93.71069182389832
-92.619926199261
-88.04780876493949
-92.67399267399168
-38.14432989690823
-40.91541218638085
-45.7000000000002
-45.45454545454647
-79.38144329896848
-94.01197604790312
-79.38144329896902
-25.78125000000103
-90.06622516556206
-88.20058997050081
-90.65420560747557
-28.57142857142867
-68.62745098039244
-93.80804953560265
-52.5547445255485
-62.96296296296351
-37.7289377289387
-85.23985239852352
-93.31103678929662
-37.28222996515685
-36.93693693693713
-30.98282208588946
-76.83397683397695
-71.53024911032078
-93.0313588850164
-32.907348242812525
-92.80575539568244
-62.26415094339714
-89.16967509025196
-69.07216494845387
-55.479452054795544
-86.97068403908737
-93.65079365079261
-86.06271777003427
-68.74999999999893
-3.7656903765687684
-33.33333333333336
-93.67088607594832
-69.60486322188517
-92.67399267399168
-93.15068493150582
-74.60317460317488
-20.289855072464807
-49.52681388012691
-50.35460992907907
-38.66588628762523
-31.40794223826766
-72.41379310344871
-78.94736842105262
-36.50793650793667
-27.62105263157892
-93.58974358974254
-2.7777777777778043
-92.98245614034987
-93.46405228758066
-93.46405228758066
-93.26599326599224
-76.92307692307597
-82.20640569394942
-92.77978339350081
-85.55956678700299
-86.66666666666565
-83.27759197324383
-89.39929328621827
-94.01197604790312
-47.852760736197354
-92.95774647887222
-91.99999999999903
-46.043165467626906
-93.05555555555453
-80.76923076923023
-80.91603053435065
-25.00000000000025
-73.15436241610777
-41.17647058823635
-63.3699633699644
-48.52941176470642
-66.16541353383548
-77.01149425287261
-63.503649635037256
-90.29126213592147
-92.9328621908117
-93.0313588850164
-72.12543554006868
-92.4812030075178
-92.7007299270063
-72.86821705426314
-88.84758364312195
-92.56505576208079
-91.09792284866363
-77.01149425287365
-78.49462365591297
-21.047328244274816
-77.91798107255516
-71.9298245614037
-41.17647058823563
-92.18749999999903
-74.44089456869042
-50.495049504951204
-92.80575539568244
-93.0313588850164
-88.09523809523736
-71.01449275362373
-96.03011152416309
-8.859169550173002
-8.954295532646041
-8.515602836879426
-8.515602836879426
-8.713986013986005
-10.54194528875379
-8.10145985401459
-9.585245901639336
-8.762717770034836
-9.410963455149494
-7.7746268656716335
-10.965680473372773
-8.465124555160134
-8.207246376811586
-9.685245901639336
-10.492307692307683
-8.813986013986005
-10.260815047021936
-9.642105263157887
-7.051968503936999
-8.20145985401459
-9.855016181229765
-9.148122866894191
-8.81549295774647
-39.115492957746454
-9.10136986301369
-9.77068403908794
-4.513559322033929
-11.648122866894179
-9.286486486486478
-7.374329501915701
-8.36308243727598
-7.415384615384607
-9.685245901639336
-7.113725490196071
-8.813986013986005
-7.532824427480907
-9.20136986301369
-7.648484848484838
-10.299999999999992
-34.24067796610163
-10.377639751552787
-10.061146496815278
-10.061146496815278
-10.363736263736252
-8.664912280701747
-9.240677966101687
-10.46758409785932
-9.828104575163389
-10.416099071207421
-9.148122866894191
-7.59087452471482
-16.07718120805366
-9.712987012987005
-11.139306358381495
-10.041772151898728
-9.048122866894191
-8.414285714285706
-8.962717770034835
-9.510963455149493
-7.632824427480907
-9.712987012987005
-9.498679867986791
-9.45496688741721
-9.186486486486478
-9.666666666666657
-10.715407854984885
-9.69867986798679
-9.979487179487172
-5.483982683982676
-8.959169550173002
-38.32555910543128
-11.27262247838616
-8.207246376811586
-8.762717770034836
-9.006896551724129
-10.578787878787871
-8.764912280701747
-73.8201550387602
-18.538888888888852
-11.36623376623374
-10.160815047021936
-8.465124555160134
-8.61549295774647
-9.838263665594848
-6.635742971887542
-9.585245901639336
-11.105797101449268
-8.954295532646041
-9.186486486486478
-9.92044728434504
-9.498679867986791
-7.885185185185177
-9.961146496815278
-9.498679867986791
-9.186486486486478
-11.23868194842406
-9.796774193548378
-10.651807228915654
-7.315384615384607
-9.755016181229765
-8.259566787003603
-7.7187265917602925
-7.135797665369642
-6.835742971887541
-9.410963455149494
-10.038263665594847
-8.207246376811586
-8.465124555160134
-9.231986531986523
-9.712987012987005
-9.712987012987005
-9.001369863013691
-11.336363636363629
-8.04798534798534
-8.664912280701747
-8.515602836879426
-8.085185185185177
-8.407246376811585
-7.574329501915701
-9.755016181229765
-9.45496688741721
-9.92044728434504
-8.811111111111105
-9.231986531986523
-7.662406015037586
-7.548484848484838
-9.231986531986523
-9.42207357859531
-8.259566787003603
-8.906896551724133
-9.585245901639336
-8.10145985401459
-9.366666666666658
-8.414285714285706
-10.121383647798734
-10.277639751552787
-8.36308243727598
-9.048122866894191
-10.354320987654313
-8.813986013986005
-102.01748251748191
-9.094557823129245
-8.811111111111105
-8.20145985401459
-8.906896551724133
-9.410963455149494
-9.742105263157887
-8.465124555160134
-7.885185185185177
-9.885245901639335
-18.121476510067083
-83.4983498349828
-32.14285714285756
