-80.11363636363613
-87.57763975155208
-48.45360824742366
-29.60810810810805
-10.101587301587294
-9.59867986798679
-9.566666666666658
-7.748484848484841
-5.342857142857131
-7.2526315789473585
-89.79591836734609
-92.64705882352841
-92.2779922779913
-92.77978339350081
-93.0795847750855
-92.77978339350081
-93.46405228758066
-92.88256227757907
-92.75362318840479
-93.10344827586104
-93.127147766322
-93.15068493150582
-90.65420560747575
-93.17406143344607
-92.39543726235644
-93.76947040498337
-85.07462686567105
-92.67399267399168
-93.63057324840659
-71.9298245614025
-87.05501618122909
-90.7120743034045
-50.00000000000091
-63.36996336996336
-75.07788161993781
-84.1897233201577
-23.53311036789293
-9.440677966101687
-6.677591973244137
-20.821476510067072
-84.27672955974788
-92.98245614034987
-83.55263157894635
-93.15068493150582
-82.99319727891111
-93.80804953560265
-47.225899280575995
32.406060606060585
108.09422382671491
-5.04328358208954
-5.249458483754504
-9.162717770034835
-10.84194528875379
-8.911111111111103
-10.460815047021935
-8.663082437275978
-8.40145985401459
-7.874626865671633
-9.386486486486477
-8.865724381625434
-7.90566037735848
-10.499999999999991
-7.535797665369641
-9.928104575163392
-10.730061349693242
-8.062406015037585
-9.686486486486476
-10.320447284345038
-10.038263665594847
-10.179487179487172
-9.486486486486477
-9.111111111111104
-8.507246376811585
-8.91549295774647
-10.830061349693242
-9.885245901639335
-10.055016181229764
-10.220447284345038
-8.559566787003602
-9.610963455149493
-8.611510791366896
-6.8999999999999915
-8.085185185185177
-8.018726591760291
1.9507462686566797
9.530618892508137
12.830303030302822
1.9456375838926228
6.9868852459016395
-6.693197278911555
2.11088435374149
58.17900874635569
-9.10136986301369
-10.454320987654313
-8.665724381625434
-9.006896551724132
-8.514285714285705
-9.05429553264604
-9.65496688741721
-8.665724381625434
-9.377181208053681
-8.254545454545447
-8.959169550173002
-9.685245901639336
-10.33894080996884
-8.514285714285705
-8.859169550173002
-8.515602836879426
-9.10136986301369
-8.311510791366901
-8.139852398523976
-8.61549295774647
-9.628104575163393
-10.277639751552787
-7.939852398523977
-9.277181208053682
-9.47718120805368
-10.430061349693243
-9.712987012987005
-9.55496688741721
-9.20136986301369
-8.615602836879425
-7.985185185185177
-9.006896551724132
-6.735742971887541
-8.615602836879425
-8.463082437275979
-9.855016181229765
-6.926984126984118
-9.59867986798679
-9.331986531986523
-8.762717770034836
-10.061146496815278
-6.063598326359825
-7.7746268656716335
-9.20136986301369
-8.906896551724133
-9.186486486486478
-7.70566037735848
-9.148122866894191
-10.430061349693243
-8.307246376811586
-8.615602836879425
-10.416099071207421
-7.548484848484838
-7.296124031007745
-11.13529411764705
-9.477181208053684
-8.9111111111111
-9.006896551724132
-9.001369863013691
-11.205797101449267
-8.463082437275979
-7.762406015037586
-9.10136986301369
-11.03529411764705
-8.962717770034835
-8.565124555160134
-9.20136986301369
-9.148122866894191
-10.061146496815278
-9.05429553264604
-9.896774193548378
-7.632824427480907
-11.688888888888881
-9.728104575163393
-9.510963455149493
-9.240677966101687
-9.812987012987005
-10.965680473372773
-9.979487179487172
-9.55496688741721
-9.685245901639336
-6.799999999999992
-9.938263665594848
-9.685245901639336
-8.665724381625434
-8.254545454545447
-10.454320987654313
-8.61549295774647
-10.50487804878048
-10.316099071207422
-10.160815047021936
-8.04798534798534
-8.207246376811586
-9.879487179487173
-8.04798534798534
-7.605660377358481
-8.81549295774647
-9.366666666666658
-6.8999999999999915
-9.094557823129245
-7.074999999999992
-8.664912280701747
-7.939852398523977
-7.7187265917602925
-9.340677966101687
-9.69867986798679
-6.605668016194324
-8.762717770034836
-10.121383647798734
-9.366666666666658
-7.7187265917602925
-8.04798534798534
-6.96374501992031
-7.805660377358484
-9.712987012987005
-8.039852398523976
-9.248122866894189
-10.055016181229764
-15.911494252873505
-81.01265822784794
-30.517647058823478
-10.122073578595307
-8.559566787003602
-9.15429553264604
-9.194557823129244
-8.663082437275978
-8.018726591760291
-9.10136986301369
-9.206896551724132
-8.81549295774647
-8.454545454545446
-9.448122866894188
-4.9788530465949705
-9.75496688741721
-10.012987012987004
-10.161146496815277
-8.559566787003602
-8.354545454545447
-10.804878048780479
-7.126984126984118
-10.360815047021935
-8.30145985401459
-9.486486486486477
-7.832824427480906
-7.474999999999991
-9.662717770034833
-8.232075471698089
-83.27759197324364
-62.96296296296393
-42.79306930693146
-83.33333333333286
-5.594980694980681
-13.872972972972978
-73.02015503876012
-93.37748344370758
-92.42424242424144
-62.9629629629636
-33.96690391459047
-92.80575539568244
-82.39436619718234
-75.52447552447575
-65.51724137931129
-79.79797979797974
-29.29999999999994
-86.44067796610115
-86.44067796610103
-63.09963099631079
-93.0795847750855
-52.769278996865964
-25.09363295880231
-93.61022364217148
-93.05555555555453
-83.33333333333232
-93.76947040498337
-93.31103678929662
-75.3846153846143
-44.44444444444487
-40.59405940594158
-33.11036789297706
-90.93655589123779
-86.88524590163836
-54.69255663430491
-80.91603053435037
-76.58862876254173
-10.738940809968838
-92.80575539568244
-62.962962962963786
44.615384615384436
-69.79865771812143
-50.33112582781564
-78.7234042553189
-80.70739549839126
-81.94945848375427
-73.33333333333273
-92.36641221373948
-65.63573883161564
-90.35369774919532
-62.40601503759503
-51.38888888888946
-93.00699300699199
-92.83154121863699
-77.77777777777695
-83.22147651006674
-24.521518987341523
-57.2368421052642
-93.05555555555453
-28.327645051195603
-84.1897233201577
-84.90566037735803
-50.65789473684309
-92.72727272727172
-70.96774193548397
-92.85714285714185
-36.792569659443615
-8.205660377358479
-9.654295532646039
-8.77462686567163
-9.659169550172999
-11.30158730158729
-11.341772151898722
-11.28524590163933
-8.662406015037583
-11.712987012987
-11.148122866894182
-11.011111111111095
-11.415602836879417
-12.079487179487165
-10.37718120805368
-10.81151079136689
-10.765124555160126
-12.841945288753788
-10.554545454545439
-10.174626865671625
-10.074626865671625
-12.038263665594842
-9.511510791366895
-11.431986531986517
-10.407246376811578
-10.765724381625427
-10.459566787003595
-11.812987012987
-10.915492957746462
-10.454545454545439
-11.111111111111095
-12.24177215189872
-11.722073578595303
-9.696124031007736
-8.426984126984113
-12.616099071207417
-11.486486486486472
-11.406896551724124
-11.354295532646034
-12.296774193548375
-10.015384615384598
-12.354295532646034
-11.274999999999983
-49.206349206350126
-46.12794612794713
-92.98245614034987
-92.64705882352841
-47.87254901960796
-93.90243902438918
-92.12598425196754
-72.02797202797225
-90.03322259136132
-73.85620915032692
-76.27118644067784
-71.34670487105987
-40.83020134228231
-61.67247386759631
-93.90243902438918
-93.78881987577535
-92.90780141843871
-28.082191780822534
-53.35281899109872
-21.81541218637994
-66.04938271604995
-84.52012383900822
-80.39215686274491
-93.93939393939287
-83.71335504885948
-92.83154121863699
-93.63057324840659
-92.18749999999903
-78.87323943661949
-41.031914893618016
-92.88256227757907
-93.63057324840659
-51.2987012987024
-36.90734824281131
-60.00000000000057
-78.02197802197806
-52.97805642633328
-93.24324324324222
-68.55345911949713
-93.00699300699199
-59.04436860068317
-3.4482758620690044
-68.42105263157889
-93.52750809061384
-87.38170347003094
-93.65079365079261
-93.1972789115636
-89.28571428571348
-70.37037037036995
-53.12500000000103
-93.28859060402581
-67.97153024911105
-93.44262295081863
-89.51048951048868
-74.5222929936305
-86.25429553264527
-85.6115107913659
-79.09407665505125
-42.17687074830023
-67.7419354838703
-92.98245614034987
-50.000000000001066
-76.0273972602739
-58.19935691318419
-93.3333333333323
-93.74999999999895
-57.03125000000103
-0.7936507936507775
-61.53846153846249
-48.905109489051355
-54.372623574144896
-46.428571428572205
-92.83154121863699
-56.678700361011856
-93.44262295081863
-93.31103678929662
-93.61022364217148
-93.00699300699199
-66.77740863787392
-72.31833910034604
-92.83154121863699
-92.619926199261
-75.97597597597535
-58.76288659793912
-82.63888888888843
-50.657894736842536
-54.54545454545564
-86.11111111111047
-92.9328621908117
-86.79867986798575
-51.8900343642622
-69.41034482758681
-11.010963455149488
-9.507246376811581
-9.542105263157888
-10.181703470031538
-9.585245901639336
-8.359566787003603
-9.42207357859531
-8.811111111111103
-8.411510791366899
-10.560815047021935
-10.506896551724125
-11.914285714285699
-89.93288590603947
-93.26599326599224
-37.269372693727924
-82.75862068965414
-87.46081504702133
-86.39455782312865
-48.53883495145652
-88.826815642457
-92.39543726235644
-38.76357615894037
-22.50922509225074
-92.39543726235644
-47.540983606558406
-87.6543209876537
-88.54961832060992
-58.80149812734186
-74.99999999999996
-64.72229299363121
-8.985185185185173
-11.620447284345033
-10.886486486486472
-6.4398373983739745
-7.155984555984549
-8.154545454545447
-7.315384615384607
-11.561146496815272
-11.712987012986998
-12.74177215189872
-93.3333333333323
-91.20234604105464
-79.31034482758548
-84.98498498498392
-79.86577181208044
-93.127147766322
-93.15068493150582
-69.58174904942892
-80.76923076923063
-82.50728862973736
-35.360431654675985
-82.93515358361695
-93.05555555555453
-83.55263157894635
-59.18367346938826
-57.142857142857665
-28.14430379746829
-32.88590604026922
-38.35616438356248
-90.22801302931492
-78.52760736196245
-88.67924528301809
-57.14285714285755
-72.69624573378735
-43.644303797468865
-44.177039274924944
-18.848314606741468
-93.0313588850164
-56.52173913043537
-66.96696696696773
-49.42101910828081
-43.82022471910216
-60.57347670250989
-77.69516728624436
-93.00699300699199
-92.50936329587915
-93.56913183279639
-89.32384341636929
-88.84758364312168
-35.018050541516544
-93.05555555555453
-92.75362318840479
-70.96774193548309
-78.33935018050525
-93.48534201954294
-92.9328621908117
-92.9328621908117
-58.62068965517287
-69.28327645051222
-93.76947040498337
-66.66666666666752
-92.53731343283484
-80.15873015873004
-60.1328903654494
-93.17406143344607
-91.80327868852363
-93.46405228758066
-93.46405228758066
-93.48534201954294
-87.76758409785865
-86.53198653198586
-92.42424242424144
-93.0795847750855
-93.22033898304981
-80.89171974522262
-58.18815331010555
-92.77978339350081
-93.74999999999895
-93.39933993399237
-51.5570934256065
-29.054054054054095
-29.13308550185853
-40.7665505226486
-63.087248322148625
-78.02197802197804
-72.78911564625872
-79.93311036789265
-19.35483870967789
-78.18181818181799
-88.28124999999903
-78.10218978102168
-36.895053003533405
-92.45283018867826
-93.28859060402581
-29.133858267716843
-82.87671232876683
-68.96551724137876
-86.2068965517236
-64.16938110749288
-45.392491467577685
-70.68403908794848
-46.71355932203489
-92.56505576208079
-53.177257525084606
-24.18772563176885
-87.75510204081563
-76.58862876254197
-92.2480620155029
-89.96655518394545
-77.35849056603759
-61.29032258064616
-45.61549295774667
-11.710963455149487
-11.996774193548374
-10.911111111111095
-12.230061349693237
-10.465124555160127
-11.655016181229758
-10.654295532646035
-10.386486486486474
-8.363082437275978
-8.564912280701748
-8.665724381625434
-9.685245901639336
-8.514285714285705
-8.813986013986005
-10.54194528875379
-8.565124555160134
-9.498679867986791
-10.859701492537305
-10.930563798219577
-9.00689655172413
-8.411510791366899
-8.764912280701747
-8.10145985401459
-6.373469387755094
-9.00689655172413
-9.240677966101687
-9.812987012987005
-10.181703470031538
-11.657938718662944
-8.20145985401459
-7.64848484848484
-9.366666666666658
-9.10136986301369
-10.530061349693243
-9.063082437275975
-9.915492957746466
-10.265724381625429
-12.079487179487165
-23.659169550172987
-49.0909090909101
-31.65467625899278
-53.23741007194346
-71.32616487455115
-89.93288590603947
-43.70860927152341
-42.92592592592695
-93.86503067484557
-85.23985239852298
-93.17406143344607
-70.47970479704715
-81.06060606060548
-65.63573883161607
-68.19787985865719
-93.44262295081863
-34.58819875776375
-32.907348242811565
-48.148148148148515
-92.4812030075178
-55.55555555555661
-93.3333333333323
-83.81877022653671
-85.40145985401386
-64.53900709219911
-70.03745318352094
-29.918181818181665
-55.22388059701594
-58.47750865051962
-41.17647058823636
-77.56410256410152
-89.6907216494837
-93.26599326599224
-53.33333333333431
-32.6599326599336
-92.72727272727172
-63.333333333333904
-79.02097902097844
-74.06340057636923
-38.35616438356212
-87.57763975155218
-33.67483443708584
-92.77978339350081
-60.31746031746124
-34.42622950819774
-94.15204678362466
-18.72791519434642
-90.50632911392317
-93.15068493150582
-93.24324324324222
-70.5882352941179
-38.35616438356266
-63.93442622950887
-88.59315589353538
-12.252091254752607
-22.79505300353359
-77.41935483870867
-82.75862068965439
-83.4437086092712
-48.09688581314931
-87.17948717948636
-82.6388888888881
-73.06397306397345
-92.42424242424144
-76.58862876254074
-93.54838709677315
-59.04436860068361
-92.90780141843871
-53.333333333333826
-91.04477611940209
-92.72727272727172
-79.16666666666642
-71.31147540983639
-72.56097560975654
-92.90780141843871
-75.94501718213054
-93.0313588850164
-80.76923076923046
-16.030534351145274
-84.06374501991992
-76.74418604651149
-97.85614035087644
-10.665124555160126
-12.392307692307678
-11.596774193548374
-9.186486486486478
-9.277181208053683
-11.420447284345034
-9.262717770034834
-8.818726591760289
-8.463082437275977
-7.3559845559845485
-10.312987012987003
-8.054545454545448
-8.20145985401459
-8.20145985401459
-9.812987012987005
-11.03529411764705
-8.307246376811586
-9.510963455149493
-7.532824427480907
-7.415384615384607
-9.240677966101687
-10.492307692307683
-8.615602836879425
-7.051968503936999
-9.377181208053683
-7.415384615384607
-9.286486486486478
-9.97948717948717
-8.859169550173002
-8.862717770034836
-8.665724381625434
-7.818726591760292
-10.181703470031538
-9.240677966101687
-8.665724381625434
-9.14812286689419
-7.985185185185177
-10.64194528875379
-8.813986013986005
-10.965680473372773
-7.490874524714821
-11.371428571428563
-8.911111111111103
-7.939852398523977
-7.662406015037586
-9.938263665594848
-10.64194528875379
-8.254545454545447
-8.411510791366899
-3.4692307692307693
-9.59867986798679
-8.154545454545447
-8.363082437275978
-8.411510791366899
-7.705660377358482
-8.959169550173002
-6.989723320158095
-8.363082437275978
-9.855016181229765
-8.254545454545447
-9.466666666666658
-7.296124031007745
-9.642105263157887
-9.42207357859531
-9.59867986798679
-7.985185185185177
-8.307246376811586
-8.411510791366899
-8.3115107913669
-8.565124555160134
-10.64194528875379
-8.959169550173002
-10.181703470031538
-10.042105263157886
-9.55496688741721
-10.567584097859319
-8.159566787003603
-10.416099071207421
-11.281703470031534
-9.45496688741721
-8.655984555984544
-10.740677966101682
-11.222073578595303
-13.235294117647047
-52.26257668711678
-34.54545454545556
-53.23741007194346
-62.45733788396007
-83.60655737704869
-50.15576323987641
-62.38244514106691
-61.937716262976814
-24.847540983606518
-72.60273972602636
-56.34920634920679
-86.79867986798611
-93.50649350649246
-90.06622516556212
-49.806949806950506
-47.36842105263262
-86.30136986301311
-93.97590361445677
-86.34812286689316
-93.00699300699199
-93.63057324840659
-93.67088607594832
-62.121212121212686
-73.6842105263156
-51.367781155015514
-73.97769516728657
-78.94736842105236
-93.48534201954294
-58.76288659793918
-60.725075528701964
-90.90909090909001
-28.528301886792207
-37.773426573426576
-92.90780141843871
-41.17647058823629
-93.31103678929662
-86.79867986798622
-34.73636363636334
-72.69624573378783
-66.41791044776174
-32.384341637010735
-68.64111498257863
-66.7673716012081
-93.63057324840659
-84.75609756097455
-89.13043478260788
-14.179104477611755
-65.98639455782403
-18.64406779661094
-44.9040752351099
-82.51748251748208
-51.61290322580694
-92.0318725099592
-93.35548172757372
-22.53521126760621
-92.45283018867826
-90.32258064516026
-72.69624573378735
-53.571428571429614
-93.84615384615279
-41.58075601374662
-76.67638483964929
-71.8309859154922
-72.44094488188992
-47.95539033457273
-57.95795795795903
-82.20640569394979
-70.19867549668936
-83.498349834983
-92.45283018867826
-63.85542168674774
-82.69896193771598
-58.64661654135443
-47.50573248407726
-92.64705882352841
-46.19306930693171
-77.84810126582286
-55.63139931740713
-93.28859060402581
-75.26501766784477
-67.97153024911108
-86.11111111111046
-92.5925925925916
-66.86746987951895
2.272727272727489
-83.33333333333232
-36.30573248407699
-26.81541218637976
-93.26599326599224
-35.373426573426286
-56.112852664577474
-39.93993993994051
-93.50649350649246
-70.37037037037096
-40.94488188976409
-91.9028340080962
-31.7406143344716
-93.15068493150582
-93.28859060402581
-81.07255520504626
-92.7007299270063
-92.53731343283484
-92.80575539568244
-56.08108108108156
-80.51948051947949
-62.84829721362335
-92.9328621908117
-93.42105263157791
-92.56505576208079
-86.44067796610067
-89.5833333333323
-48.051948051948926
-93.3333333333323
-47.154471544715825
-93.24324324324222
-90.38461538461452
-54.861111111112166
-45.24495677233529
-92.7007299270063
-92.12598425196754
-60.14492753623292
-76.58862876254148
-72.3076923076914
-90.13157894736757
-73.50993377483432
-90.4458598726106
-88.14229249011761
-92.53731343283484
-32.34698795180709
-78.79858657243776
-92.80575539568244
-72.97297297297317
-80.19801980197951
-32.14285714285793
-92.09486166007808
-64.2857142857153
-76.89768976897695
-93.65079365079261
-74.16974169741621
-93.26599326599224
-93.0313588850164
-51.851851851852196
-70.099667774087
-93.8271604938261
-65.40880503144749
-80.76923076923025
-76.47058823529416
-59.044368600683505
-26.854716981131823
-90.44585987261064
-78.26086956521661
-87.73006134969219
-90.16393442622866
-51.6728624535322
-93.05555555555453
-39.393939393940414
-76.56250000000009
-80.69498069498056
-94.15204678362466
-30.386206896551585
-28.195847750864868
-72.78911564625845
-87.34177215189769
-81.94945848375411
-31.15942028985584
-78.10218978102117
-82.93515358361743
-72.9729729729731
-69.34865900383203
-90.8536585365843
-92.77978339350081
-92.39543726235644
-90.53627760252277
-91.8367346938766
-93.1972789115636
-37.925622775800875
-63.114754098361665
-50.00000000000041
-81.19122257053183
-94.16909620991146
-59.1194968553464
-49.20634920635
-90.38461538461453
-26.829268292682826
-92.75362318840479
-11.262798634812018
-66.96696696696758
-75.4098360655728
-52.38095238095317
-58.99053627760356
-48.63013698630239
-76.35135135135152
-41.60583941605945
-78.10218978102193
-93.44262295081863
-92.53731343283484
-45.45454545454652
-90.71207430340468
-92.75362318840479
-90.1960784313717
-92.53731343283484
-40.7407407407418
-93.0313588850164
-59.1078066914508
-79.52218430034105
-57.79220779220881
-93.63057324840659
-90.82568807339365
-77.14285714285703
-71.2460063897755
-63.36996336996396
-87.80487804877976
-91.34199134199041
-7.534246575342417
