-5.630303030302882
-33.26060606060604
-9.77068403908794
-8.005660377358481
-9.77068403908794
-8.71549295774647
-79.37795275590605
-8.911111111111103
-9.610963455149493
-10.260815047021936
-9.666666666666657
-10.221383647798733
-8.665724381625434
-9.14812286689419
-8.3115107913669
-7.490874524714821
-9.610963455149493
-8.04798534798534
-7.474329501915701
-8.14798534798534
-7.54848484848484
-9.14812286689419
-7.374329501915701
-9.642105263157887
-8.715602836879425
-8.10145985401459
-9.69867986798679
-7.632824427480907
-10.360815047021935
-10.88798798798798
-9.65496688741721
-6.3710743801652825
-8.354545454545447
-9.82810457516339
-9.248122866894189
-7.2749999999999915
-8.354545454545447
-9.059169550173001
-10.23894080996884
-8.194117647058816
-10.038263665594847
-9.961146496815278
-8.614285714285705
-10.281703470031538
-10.77878787878787
-9.65496688741721
-9.65496688741721
-12.00081743869209
-7.5153846153846064
-9.82810457516339
-7.939852398523977
-11.757938718662944
-9.477181208053683
-9.82810457516339
-8.259566787003603
-9.785245901639335
-8.913986013986005
-8.354545454545447
-9.14812286689419
-10.181703470031538
-9.194557823129244
-8.565124555160134
-8.911111111111103
-8.411510791366899
-9.77068403908794
-8.665724381625434
-8.71549295774647
-9.240677966101687
-8.14798534798534
-9.377181208053683
-8.762717770034836
-9.05429553264604
-9.42207357859531
-9.855016181229765
-8.214285714285706
-8.615602836879425
-5.398961937716255
-10.181703470031538
-10.377639751552787
-8.463082437275977
-9.05429553264604
-9.05429553264604
-8.615602836879425
-9.685245901639336
-10.061146496815278
-10.181703470031538
-10.33894080996884
-7.785185185185178
-9.89677419354838
-10.221383647798733
-8.039852398523976
-8.414285714285706
-9.240677966101687
-10.199999999999992
-8.71549295774647
-8.514285714285705
-8.411510791366899
-9.510963455149493
-7.415384615384607
-8.254545454545447
-9.240677966101687
-9.97948717948717
-10.33894080996884
-9.42207357859531
-5.408695652173906
-10.492307692307683
-10.141772151898726
-9.72810457516339
-6.8637450199203105
-7.762406015037586
-7.6056603773584825
-8.14798534798534
-10.33894080996884
-11.065680473372772
-8.263082437275978
-7.196124031007745
-8.81549295774647
-84.67432950191514
-86.75496688741653
-86.88524590163865
-85.61151079136629
-85.8156028368788
-90.44585987261058
-88.76404494381944
-88.28124999999923
-89.96655518394563
-85.29411764705821
-55.719557195572996
-77.12418300653583
-81.48148148148115
-30.182229965156733
-83.33333333333283
-77.98742138364759
-87.46081504702123
-40.39735099337856
-17.322834645669488
-92.64705882352841
-87.99999999999925
-28.522186495176662
-8.954545454545444
-6.638888888888873
-17.373239436619684
-5.893277310924361
-8.054545454545448
-9.528104575163391
-7.730111524163561
-10.461146496815276
-22.326164874551946
-9.111111111111102
-3.8473684210526162
-10.869794721407617
6.404626334519477
-13.342750929367966
-9.22207357859531
-4.560606060606048
-8.994557823129245
-11.336363636363629
-9.354966887417211
-7.255984555984549
-8.762717770034836
-10.478787878787871
-10.13894080996884
-10.138263665594847
-5.561016949152524
-7.776712328767108
-3.332198142414839
-7.088704318936866
-5.033333333333374
-38.57885304659493
-41.05494505494561
-31.998657718120725
-82.33215547703135
-0.398406374501985
-25.274074074074008
-53.41935483870999
-52.07643312101931
-85.29411764705821
-86.3945578231286
-86.44067796610103
-86.0627177700342
-86.15916955017236
-47.575706214689404
-4.784584980237129
-62.199312714777285
-86.11111111111049
-87.49999999999928
-85.1851851851846
-54.07643312101934
-10.293197278911542
-11.676712328767094
-9.263157894736814
-11.394623655913932
-10.409215017064794
-14.66950354609925
-10.93311036789294
-74.72924187725627
-89.51048951048868
-92.95774647887222
-8.44418604651159
-83.76623376623326
-81.19122257053252
-83.55263157894686
-80.06644518272392
-90.16393442622865
-94.21965317918966
-26.573426573426733
-81.2030075187966
-89.93288590603947
-78.8732394366197
-100.0181818181815
-83.66013071895374
-93.17406143344607
-92.83154121863699
-80.54474708171108
-93.93939393939287
-41.57313432835813
-92.50936329587915
-31.50684931506852
-90.71207430340473
-93.127147766322
-93.63057324840659
-27.79783393501794
-92.42424242424144
-52.38095238095324
-40.789473684210996
-93.8837920489286
-88.84758364312195
-84.47204968944054
-29.824561403509627
-92.9328621908117
-92.64705882352841
-46.84385382059907
-94.10029498524966
-75.83081570996893
-71.11913357400692
-45.76271186440761
-34.02777777777884
-61.80555555555661
-74.54545454545452
-83.2214765100668
-89.93288590603947
-93.26599326599224
-25.081433224755884
-87.05501618122913
-82.01438848920833
-93.05555555555453
-58.04195804195909
-93.63057324840659
-76.58862876254173
-92.85714285714185
-76.02739726027318
-73.58490566037771
-49.820788530467
-54.69255663430521
-82.45614035087677
-83.24022346368653
-93.1972789115636
-56.228956228956996
-34.78260869565321
-92.67399267399168
-93.95770392749138
-92.67399267399168
-92.75362318840479
-89.28571428571328
-74.19354838709704
-93.0795847750855
-56.95364238410703
-92.90780141843871
-51.456310679612706
-60.00000000000053
-46.843853820598966
-93.1972789115636
-50.35460992907895
-6.61478599221757
-63.562753036438274
-92.50936329587915
-65.75342465753518
-30.501930501931486
-81.06060606060562
-42.176870748299784
-93.71069182389832
-67.62589928057623
-85.76512455515913
-68.19787985865761
-90.38461538461452
-49.458483754513374
-92.619926199261
-93.31103678929662
-92.33716475095687
-89.28571428571347
-89.51048951048868
-94.20289855072356
-77.09923664122061
-39.92932862190832
-90.25974025973922
-89.9665551839457
-52.38095238095332
-75.35211267605534
-66.5427509293673
-93.48534201954294
-93.80804953560265
-86.2068965517236
-92.9328621908117
-93.35548172757372
-89.16967509025172
-44.625407166124596
-92.85714285714185
-93.39933993399237
-82.99319727891111
-89.24731182795598
-93.46405228758066
-36.84210526315795
-80.98859315589301
-81.70731707316968
-93.3333333333323
-89.24731182795618
-93.69085173501472
-92.75362318840479
-93.65079365079261
-92.64705882352841
-93.65079365079261
-93.67088607594832
-40.35087719298313
-83.81877022653673
-41.17647058823624
-93.0795847750855
-38.775510204082494
-93.56913183279639
-41.17647058823551
-78.94736842105262
-92.67399267399168
-70.3703703703707
-65.38461538461627
-93.42105263157791
-46.99646643109649
-93.22033898304981
-54.22535211267701
-50.000000000000284
-58.33333333333389
-93.17406143344607
-44.07894736842209
-91.99999999999903
-93.52750809061384
-45.94594594594668
-93.54838709677315
-46.843853820598916
-90.29126213592147
-88.929889298892
-82.658959537572
-49.61240310077623
-72.00000000000038
-56.521739130435755
-41.58075601374592
-92.77978339350081
-56.363636363637134
-74.45255474452586
-85.66308243727536
-71.53024911032064
-93.92097264437584
-82.57839721254274
-46.90265486725692
-52.569169960475136
-50.000000000000924
-38.931297709924415
-93.26599326599224
-92.2480620155029
-93.26599326599224
-92.88256227757907
-92.56505576208079
-91.4163090128746
-74.16974169741728
-93.3333333333323
-92.09486166007808
-93.0795847750855
-92.90780141843871
-93.8837920489286
-93.73040752350991
-92.50936329587915
-93.46405228758066
-93.22033898304981
-93.73040752350991
-93.74999999999895
-92.98245614034987
-93.69085173501472
-92.83154121863699
-92.21789883268384
-93.58974358974254
-91.9028340080962
-94.13489736070274
-93.8271604938261
-93.0795847750855
-93.86503067484557
-92.4812030075178
-93.0313588850164
-93.24324324324222
-91.59663865546125
-93.1972789115636
-92.72727272727172
-92.98245614034987
-92.75362318840479
-92.50936329587915
-92.85714285714185
-27.08333333333405
-74.72924187725633
-92.45283018867826
-37.45481727574732
-43.342776203967084
-38.46153846153949
-63.333333333334366
-89.20863309352438
-33.09859154929676
-56.228956228957244
-75.5351681957189
-27.83505154639258
-78.99159663865531
-23.527645051194554
-87.53894080996778
-79.23875432525853
-61.13074204947104
-82.63888888888805
-84.96240601503675
-93.84615384615279
-28.88434163701044
-50.17793594306152
-54.861111111111725
-24.460431654676682
-5.405405405405343
-89.13043478260789
-48.41269841269944
-45.20547945205533
-93.84615384615279
-91.01796407185537
-51.1750809061497
-92.2779922779913
-93.56913183279639
-77.49196141479085
-65.29968454258736
-41.74757281553477
-92.53731343283484
-49.367088607596
-86.2068965517236
-59.59595959596027
-73.15436241610679
-79.72972972972896
-89.96655518394567
-71.53024911031952
-92.67399267399168
-92.64705882352841
-37.500000000000995
-92.7007299270063
-45.16129032258127
-53.33333333333436
-59.8540145985412
-74.60317460317484
-93.3333333333323
-82.33215547703155
-66.77740863787434
-65.07936507936597
-89.05109489051014
4.417670682731164
-38.775510204082664
-78.57142857142857
-62.26415094339702
-63.89891696750935
-88.28124999999903
-89.01098901098827
-93.28859060402581
-85.33724340175904
-92.5925925925916
-91.76954732510193
-93.63057324840659
-86.06271777003421
-70.14925373134389
-90.1639344262287
-72.54901960784217
-93.31103678929662
-74.99999999999976
-93.22033898304981
-93.17406143344607
-41.818181818182694
-72.02797202797231
-14.893617021277239
-83.97435897435848
-58.33333333333437
-93.65079365079261
-76.47058823529315
-85.07462686567118
-66.10169491525511
-76.04790419161665
-84.5679012345675
-77.27272727272741
-93.50649350649246
-89.09090909090834
-66.10169491525471
-89.89898989898906
-82.51748251748225
-65.03496503496581
-77.91798107255502
-85.4545454545445
-29.89292929292916
-52.54237288135672
47.65100671140901
-81.2734082397001
-35.15358361774848
-94.53551912568196
-65.90909090909142
-32.62411347517753
-37.71626297577939
-85.13011152416284
-93.76947040498337
-75.77854671280267
-62.96296296296405
-54.98392282958248
-72.31833910034594
-40.063091482650876
-44.27244582043408
-75.26501766784472
-40.43191489361801
-92.85714285714185
-81.88405797101407
-85.18518518518418
-94.76439790575806
-93.0795847750855
-54.38596491228141
-74.54545454545453
-92.88256227757907
-31.506849315069555
-70.4918032786891
-86.75496688741617
-89.69072164948372
-92.53731343283484
-37.282229965157875
-69.23076923076978
-90.71207430340473
-83.870967741935
-93.1972789115636
-92.75362318840479
-34.02926829268292
-73.89033942558633
-51.6129032258075
-93.67088607594832
-92.90780141843871
-25.233644859813047
-65.5172413793109
-83.71335504885889
-68.87159533073998
-66.66666666666588
-72.72727272727286
-92.56505576208079
-84.73282442747994
-35.60606060606076
-41.58075601374673
-17.785714285714274
-40.7407407407418
-62.40601503759495
-67.93002915451937
-70.90909090909136
-80.84291187739433
-63.235294117648095
-50.00000000000088
-93.58974358974254
-92.33716475095687
-79.16666666666626
-55.97484276729611
-59.70695970696074
-68.25396825396786
-51.21951219512296
-89.76109215016986
-94.21965317918966
-73.6842105263159
-63.3699633699644
-83.27759197324374
-10.299003322259027
-90.62499999999912
-93.24324324324222
-92.77978339350081
-89.39929328621832
-57.44680851063885
-93.92097264437584
-93.39933993399237
-85.91549295774571
-92.45283018867826
-93.80804953560265
-92.45283018867826
-93.0313588850164
-25.092929292929295
28.676470588235283
-86.62207357859464
-86.44067796610115
-84.37499999999947
-52.218430034130705
-93.05555555555453
-88.92988929889226
-84.4236760124606
-71.24600638977691
-89.39929328621828
-93.15068493150582
-76.1092150170648
-57.095709570957595
-53.405017921148
-89.43661971830885
-84.49612403100733
-94.11764705882246
-93.26599326599224
-21.052631578947512
-93.22033898304981
-37.49999999999999
-89.51048951048871
-59.37500000000106
-67.97153024911078
-93.15068493150582
-86.88524590163877
-89.79591836734609
-72.80966767371494
-93.58974358974254
-67.32026143790895
-86.11111111111047
-93.15068493150582
-92.5925925925916
-93.3333333333323
-46.12794612794685
-55.32646048110023
10.714285714285781
-79.23875432525935
-88.505747126436
-92.88256227757907
-92.45283018867826
-92.98245614034987
-92.75362318840479
-92.98245614034987
-89.6907216494835
-83.55263157894657
-93.31103678929662
-92.18749999999903
-93.35548172757372
-92.4812030075178
-92.9328621908117
-93.35548172757372
-92.7007299270063
-93.42105263157791
-92.95774647887222
-92.95774647887222
-93.22033898304981
-92.5925925925916
-93.8271604938261
-65.2996845425877
-93.24324324324222
-93.80804953560265
-93.05555555555453
-93.46405228758066
-93.05555555555453
-92.64705882352841
-92.39543726235644
-93.50649350649246
-93.74999999999895
-93.31103678929662
-93.44262295081863
-85.86572438162489
-90.35369774919532
-53.4050179211476
-93.37748344370758
-93.05555555555453
-93.54838709677315
-62.068965517242106
-84.55598455598414
-48.05194805194914
-68.19787985865625
-87.05501618122915
-76.92307692307676
-93.15068493150582
-92.4812030075178
-68.85813148788996
-76.7441860465115
-60.00000000000101
-63.746223564955734
-84.25196850393648
-78.72340425531905
45.03816793893132
4.5751633986923785
-92.80575539568244
-92.7007299270063
-93.31103678929662
-93.71069182389832
-92.619926199261
-93.31103678929662
-92.83154121863699
-93.24324324324222
-92.7007299270063
-93.69085173501472
-93.74999999999895
-93.35548172757372
-92.98245614034987
-93.73040752350991
-92.64705882352841
-94.08284023668531
-86.57718120805265
-89.65517241379207
-76.53958944281415
-41.23020134228253
-55.22388059701596
3.678929765886526
-92.0634920634911
-47.91666666666745
-73.94136807817596
-93.56913183279639
-93.15068493150582
-93.37748344370758
-50.000000000000945
-93.0313588850164
-89.65517241379226
-92.2779922779913
-61.4035087719305
-92.9328621908117
-53.48837209302433
-47.552447552448605
5.1310077519381565
-62.84829721362334
-4.109589041095839
-74.07407407407415
-71.1538461538467
-88.59315589353541
-72.44094488189019
-35.894117647058636
-77.04918032786897
-93.0313588850164
-89.96655518394563
-42.76094276094323
-19.70802919708003
-83.33333333333277
-71.8309859154931
-47.368421052632335
-91.01796407185537
-89.86486486486402
-71.42857142857123
-65.90909090909143
-87.09677419354736
-90.09900990098924
-39.72862190812748
-93.63057324840659
-90.88145896656428
-58.9041095890421
-35.018050541516494
-93.39933993399237
-80.13245033112565
-93.24324324324222
-51.851851851852906
-93.67088607594832
-92.98245614034987
-92.77978339350081
-93.0313588850164
-10.394265232974602
10.16032388663977
-93.63057324840659
-93.78881987577535
-84.96240601503702
-62.19931271477715
-92.56505576208079
-26.829268292682997
-57.92880258899765
-76.43097643097636
-75.46012269938593
-77.34627831715221
-18.644067796610102
-86.15916955017248
-52.75590551181205
-58.49056603773686
-50.53003533568952
-40.350877192983354
-92.0634920634911
-59.50155763239978
-43.31983805668105
-87.0967741935477
-89.43661971830909
-56.666666666667695
-76.66666666666583
-78.41726618705012
-45.90282485875763
-67.27272727272624
-93.52750809061384
-40.2985074626875
-93.42105263157791
-89.65517241379233
-37.716262975778854
0.2940397350995525
-89.28571428571348
-83.87096774193513
-18.28793774319053
-46.66666666666769
-82.33215547703155
-65.75342465753424
-78.72340425531907
-91.96787148594281
-92.95774647887222
-62.12121212121269
-83.38870431893656
-91.12426035502868
-29.104477611941302
-93.0313588850164
-93.39933993399237
-56.20437956204485
-92.85714285714185
-48.697435897436534
-93.28859060402581
-12.751677852348662
-87.01298701298616
-93.61022364217148
-53.33333333333436
-92.18749999999903
-82.07885304659467
-93.54838709677315
-76.10921501706501
-43.60902255639119
-51.04895104895209
-53.06859205776276
-86.57718120805303
-53.90070921985887
-36.619718309860154
-16.943521594685407
-42.65232974910499
-90.41533546325773
-43.39622641509513
-85.45454545454444
-83.05084745762677
-80.76923076922972
-92.83154121863699
-82.33215547703136
-90.3846153846145
-68.96551724137994
-31.372549019608154
-56.081081081081614
46.52014652014625
-92.95774647887222
-57.142857142858205
-84.49612403100677
-58.64661654135399
-40.98360655737802
-78.49462365591374
-76.43097643097636
-75.60975609756095
-58.99053627760352
-69.49152542372948
-86.3945578231286
-64.28571428571503
-52.38095238095347
-66.3299663299669
-41.979522184300514
-73.15436241610743
-89.72602739725944
-67.63754045307424
-80.54474708171152
-50.46439628483035
-82.26950354609895
-75.69444444444461
-15.948314606741308
-92.98245614034987
-50.00000000000057
-70.19867549668936
-70.58823529411659
-93.3333333333323
-74.45255474452556
-33.5636363636362
-93.3333333333323
-93.1972789115636
-93.48534201954294
-42.02898550724741
-94.02985074626758
-93.15068493150582
-93.35548172757372
-93.22033898304981
-93.56913183279639
-85.40145985401405
-64.96815286624289
-93.67088607594832
-14.285714285714187
-4.477611940299053
9.154929577465072
-89.89898989898904
-84.79087452471438
-93.00699300699199
-67.6258992805763
-92.90780141843871
-45.09803921568714
-92.42424242424144
-74.16974169741596
-58.990536277603084
-90.25974025973943
-92.75362318840479
-44.595847750865985
-34.375000000000306
-52.8619528619532
-62.962962962963964
-85.29411764705823
-83.6065573770487
-92.53731343283484
-50.87719298245704
-81.94945848375423
-93.65079365079261
-92.64705882352841
-93.37748344370758
-71.32616487455223
-67.53246753246788
-63.69636963696469
-93.65079365079261
-39.22439024390237
-41.55844155844267
-32.330827067670235
-93.80804953560265
-89.43661971830909
-71.53024911032048
-93.52750809061384
-93.05555555555453
-93.46405228758066
-93.26599326599224
-92.67399267399168
-93.28859060402581
-93.00699300699199
-93.86503067484557
-92.77978339350081
-93.28859060402581
-82.55813953488328
-60.8938547486044
-66.54275092936888
-93.22033898304981
-53.94736842105357
-55.932203389831024
-93.0795847750855
-79.661016949152
-92.64705882352841
-90.99099099099014
-75.60975609756093
-89.09090909090828
-87.01298701298607
-93.1972789115636
-76.97368421052644
-92.2480620155029
-92.88256227757907
-46.48829431438197
-60.99290780141949
-92.64705882352841
-12.40875912408736
-93.84615384615279
-92.75362318840479
-85.50724637681098
-87.73006134969253
-29.87508090614879
-86.79867986798612
-83.27759197324347
-56.5217391304357
-69.46564885496214
-92.98245614034987
-88.72180451127741
5.2631578947371285
-68.19787985865625
-92.36641221373948
-65.51724137931126
-60.144927536232665
-91.96787148594281
-47.54098360655831
-61.13074204947104
-67.32026143790834
-75.4098360655728
-53.177257525084286
-94.30199430199322
-63.265306122448806
-93.37748344370758
-92.4812030075178
-93.46405228758066
-93.46405228758066
-93.3333333333323
-93.76947040498337
-93.71069182389832
-93.99399399399293
-93.0313588850164
-93.1972789115636
-93.28859060402581
-92.90780141843871
-93.42105263157791
-52.20588235294218
-44.07894736842209
-30.966903914590475
-73.06397306397224
-61.130742049470875
-94.16909620991146
-42.9210526315797
-92.53731343283484
-32.47588424437335
-89.7959183673461
-33.55481727574853
-84.47204968944047
-26.470588235295168
-26.829268292682915
-93.73040752350991
11.11111111111129
-64.15770609319073
-52.861952861953874
-87.05501618122871
-64.96815286624252
-93.37748344370758
-93.84615384615279
-74.4408945686904
