-69.05443037974749
-11.780716253443519
-9.377181208053683
-7.874626865671633
-8.565124555160134
-10.020447284345039
-9.194557823129244
-78.32817337461279
-92.0634920634911
-93.26599326599224
-93.56913183279639
-39.28571428571528
-93.61022364217148
-92.98245614034987
-31.123076923076752
-9.612987012987006
-7.5624060150375865
-14.184981684981643
-18.252631578947355
-11.094076655052225
-9.485245901639336
-35.549458483754435
1.5108843537414813
-0.3650176678445334
1.903754266211589
-76.81159420289843
-2.6540925266903628
-74.07407407407415
-84.79087452471425
-85.1851851851846
-84.31372549019552
-81.13207547169779
-77.12418300653577
-68.99224806201578
-61.937716262976295
-52.70270270270346
-74.91039426523297
-69.7885196374626
25.683737024221344
14.16315789473682
19.345454545454444
14.048048048047946
51.255172413793005
1.869750889679711
12.793040293040278
32.99776357827467
-7.990874524714819
-12.959169550172987
-88.02395209580763
-86.44067796610103
-85.71428571428508
-86.66666666666599
-87.13826366559415
-85.66308243727538
-88.26979472140687
-13.798349834983464
-82.7586206896547
-77.12418300653576
-79.09407665505194
-64.5669291338589
-10.749180327868805
-75.35211267605628
-7.1409448818897125
-31.25255474452545
-47.57118644067808
-72.02543554007016
-66.54275092936825
-75.52447552447549
-72.33120567375929
-48.62192691029919
-35.83165467625891
24.54594594594564
-75.43859649122808
231.9362934362952
199.42967359050624
130.7692307692359
148.04812030075283
161.8208053691285
66.42961672473885
352.45901639343515
130.6428571428579
155.91509433962437
384.3205574912826
332.02416918428463
-7.722186495177331
-7.68260869565273
84.30491803278716
27.2306273062729
102.3756838905781
45.402898550724316
179.76236162361693
50.53763440860596
344.643478260868
56.502597402597274
84.39180327868847
-10.714285714286637
117.01186440678
5.263157894736199
111.74339622641546
178.1460317460323
129.58607594936768
-22.388059701493223
-49.82078853046677
18.57707509881609
210.09169435216054
90.93636363636385
79.42222222222225
30.04155844155838
65.6595092024541
-5.537459283387099
84.73895582329851
2.7397260273982726
41.76774193548382
46.64562737642582
-36.02693602693682
36.63878326996191
-44.63667820069285
89.71221122112229
224.04123711340245
-57.37704918032867
46.411960132890286
59.97777777777782
-27.710843373494807
50.3
54.79999999999998
-2.7777777777770676
-53.84615384615465
-48.71794871794953
107.92758620689693
63.12758620689657
158.74125874126366
-10.34482758620661
-25.324675324676083
-48.387096774194355
143.73333333333392
7.266435986160374
2.189781021898771
208.56451612903325
34.61390728476814
96.11986062717781
-2.097902097901377
90.14084507042776
220.06231884058082
658.2781456953508
-17.49174917491761
32.01746031746029
106.33174061433475
111.4093959731594
275.28064516129064
28.482334384858014
34.068965517241345
39.4157303370786
32.71081081081076
-25.081433224756406
337.3578231292511
254.66202531645695
93.39643916913955
334.78260869563934
225.8426966292041
54.440154440159006
115.55496183206131
544.0074074074018
109.37500000000512
245.07042253519847
319.41365313653114
121.20540540540557
641.3827067669066
93.5666666666668
216.4629629629638
184.52773722627813
83.91242236024868
143.5103448275865
188.43916349809953
117.27719298245634
177.16811594202915
264.53694779116546
377.9533762057773
157.70790273556324
147.85448916408743
557.5342465753259
351.4444015444001
419.25182481751756
169.0829931972792
51.9434628975305
176.85622895623038
187.72822822822914
57.088122605368525
177.17777777777852
66.11295681063604
292.3643356643359
527.8195488721711
107.9571428571432
381.04636678200666
253.63234323432476
70.26315789473693
213.34125874125934
205.9582491582501
515.9367346938734
333.61818181818074
220.92457337884068
196.5299684542584
85.45454545455021
68.72362459546936
108.37021943573714
282.5611111111112
222.43333333333422
331.03448275861297
202.43548387096797
299.33993399338266
299.11505016722487
350.20819112627464
304.04210526315774
286.61621621621674
225.2595155709276
78.66384364820871
243.9610389610399
537.6751937984479
360.7014184397159
398.4288389513078
86.25483870967747
187.7697841726642
555.0344709897555
58.23720136518776
398.29288389513005
624.8509025270707
234.5820895522393
361.37449664429494
253.7480519480531
258.8380622837372
242.25880398671228
495.7160839160764
250.11843971631333
343.4968992248064
252.18495575221203
461.2272727272698
252.12558139534906
350.79122807017364
625.5984496124001
250.40779220779308
84.3811808118084
236.9963369963244
364.87416974169724
301.1114503816799
347.9528301886781
313.4484848484848
73.51654676258997
315.00935251798535
48.43851590106
40.54444444444437
205.83544303797575
218.23195876288682
129.6295302013426
208.38675958188196
407.2454545454539
167.29559748428198
74.63380281690148
73.87246376811595
298.37042253521184
250.4280701754384
210.77777777777803
500.17564575645486
200.2729903536982
88.30133779264236
38.207692307692255
862.7384615384501
3.5714285714296348
271.6475095785289
201.90060790273648
630.2888888888813
531.901607717035
421.816483516483
147.49163879599206
346.9044368600668
163.75439739413744
311.0523809523811
607.2225806451559
242.2619047618944
235.00000000000102
331.922471910111
119.36329113924083
213.47962382444695
927.4999999999843
310.95890410957185
272.8028368794331
64.38356164384064
204.945054945056
600.7042253520943
233.2213523131681
537.48496240601
80.55555555556089
204.0935672514641
-2.0270270270263158
222.68370607028027
366.1654135338366
433.7620578777984
255.29776951672886
481.4814814814639
363.9769230769218
230.12820512819687
271.53333333333416
290.2888888888882
929.8999999999836
483.0893416927865
174.19354838710152
884.3629629629531
390.9129032258046
241.45555555555126
485.61643835614797
420.56466431095356
109.12547528517644
367.16113074204895
341.84440154439693
192.20847457627158
374.0288135593208
272.0136518771154
417.4825174825024
32.50338983051132
743.8653594771106
34.02061855670405
293.8565217391302
262.9478260869565
290.77943262411395
69.0493506493507
233.6957446808521
154.23728813559816
184.72222222222538
255.55555555553875
58.7837837837884
293.3055555555559
618.0451127819346
252.7143812709038
337.44390243902393
23.595505617979804
489.45683453236893
529.7468354430213
113.4409836065577
609.8976109214814
425.468327402134
519.3771626297442
254.9588628762549
203.69877300613518
233.3501557632371
308.22727272727184
157.24637681159896
274.8764705882357
288.72500000000025
315.8122302158268
292.1394321766557
917.7999999999914
169.0922077922084
152.1034364261171
261.8421052631548
150.1000000000002
621.1652968036487
366.86870748299145
165.03884892086378
208.70000000000036
869.8069597069517
523.1749999999964
205.44444444444483
356.9037037037022
306.7163763066197
135.12857142857175
255.871886120979
277.75913621262487
196.6360856269131
324.66301369862964
224.5614035087652
576.9230769230614
530.7367346938752
343.1736842105246
362.04444444443453
264.48598130839514
649.5062015503855
157.6271186440728
217.0731707317007
72.53521126761078
295.1003460207611
432.3741007194057
209.99999999999582
483.85093167700006
58.08823529412234
184.81012658228263
405.8559055118106
391.7768707482986
757.2333333333227
824.8366013071691
180.48780487805425
340.8962962962956
329.44785276071957
258.3617747440094
927.7999999999914
919.6999999999814
313.56531791906053
310.52631578945767
347.1661971830984
937.299999999989
276.20578778133535
925.3999999999859
-0.3322259136205585
243.75000000000082
386.862343096233
225.38217522658684
454.1795665634527
939.9999999999872
736.0655737704749
299.74261168384845
396.8152866241876
374.0259740259576
351.8087719298214
142.7023622047249
553.0079136690588
935.0999999999847
118.54304635762094
446.9385852090005
934.0999999999867
97.63333333333367
748.1233716475067
929.8999999999857
297.4358974358848
186.2068965517263
262.45954692555
940.0999999999963
266.4596273291749
682.3129251700535
190.10238907850086
922.0999999999913
366.9269102990024
182.46753246753656
284.09619771863146
664.8902821316419
335.0877192982288
931.6999999999852
278.4033112582782
375.28517110264573
220.257894736843
530.8896103896044
389.646043165466
685.4545454545263
423.809523809508
942.4999999999973
282.89962825277087
303.0177304964539
637.8640776698858
66.06097560975611
848.2250755286847
924.3999999999937
204.97500000000062
29.531921824104195
131.92105263157924
864.404225352099
872.5609756097363
224.81751824816695
5.660377358491672
29.151291512917872
289.7142857142858
336.3759493670875
934.199999999995
243.31428571428603
369.28965517241176
664.2585551330601
-17.1779141104296
910.6999999999867
396.4788732394202
193.83888888888964
909.0999999999915
318.1818181818021
501.79640718561166
238.42569659442842
658.2781456953498
672.999999999991
920.1999999999919
323.7043771043747
920.199999999985
915.4999999999869
910.5999999999897
458.2191780821754
174.61627906976761
738.8712933753816
617.6870748299172
684.0236686390368
444.5880597014882
523.2876712328599
387.54448398574914
451.36391752576935
556.9347826086905
922.3999999999827
853.1818897637721
540.3130111524129
267.2839506172678
832.7354260089513
677.0897832817208
603.7037037036847
198.0769230769228
825.7950530035147
384.50769230769134
363.5761589403814
930.1999999999862
930.4999999999897
521.2842809364505
762.602898550719
378.7137724550864
289.7545454545415
87.83284671533151
247.82608695650686
931.0999999999952
365.57010676156534
376.04356435643285
518.8146341463372
911.9999999999873
908.699999999983
929.9999999999902
707.4712643678035
919.699999999988
246.4634920634922
556.6666666666508
634.6938775510059
916.6999999999812
932.7999999999926
423.79727891156205
921.2999999999868
297.07126099706676
238.65814696484534
670.7006369426538
865.250965250945
935.7999999999922
604.7111111111043
514.6045602605818
918.1999999999855
929.699999999994
679.0697674418467
931.0999999999851
276.23232323232287
854.6827794561719
928.89999999999
657.9333333333259
638.7755102040626
624.2647058823353
448.86666666666133
500.1610062892977
606.1111821086205
931.0999999999866
928.6999999999861
926.9999999999899
655.6270096462841
937.1999999999866
935.0999999999898
567.7631578947185
277.4834437085938
483.59621451102214
930.9999999999942
924.1999999999846
941.5999999999871
890.6280898876336
918.3999999999809
912.799999999991
933.1999999999866
942.6999999999944
927.4999999999922
645.9807073954804
926.3999999999829
418.2926829268147
714.9350649350563
638.8536912751615
642.1602787456268
930.399999999994
398.48942598185454
931.8999999999954
706.2499999999835
536.9863013698462
633.8129496402686
527.6923076922931
425.423728813545
226.60097719869796
261.1662379421221
935.3999999999924
643.5897435897275
848.6301369862817
72.27892976588645
863.0996309962981
925.1999999999891
547.5386100386038
368.618543046357
66.6666666666718
744.1828382838221
928.6999999999842
929.5999999999882
548.0836236933629
654.7169811320554
452.18855218853497
639.9603773584853
666.2337662337477
634.5454545454356
28.22633228840121
212.6240963855432
387.9444444444435
872.9780821917657
213.56825396825425
268.25396825395126
643.1506849314891
469.0235690235505
938.1999999999946
931.699999999984
344.7275362318829
931.7999999999838
515.6156156156002
381.65693430656904
857.746478873219
451.6129032258032
384.63003952569125
922.2999999999831
425.22255192876725
446.3917525773029
933.7999999999873
662.7191637630503
926.8999999999891
490.5044510385612
447.987616099056
931.2999999999936
262.99655172413765
307.3617747440268
408.7108013937105
208.37518248175274
139.1304347826136
340.4332129963721
669.2307692307526
926.7999999999843
849.379591836728
679.8165137614487
939.399999999995
149.89090909090953
877.6163424124463
409.65250965249066
420.984848484848
423.02631578945585
491.6666666666516
663.5135135134941
320.87542087540334
939.2999999999867
646.6666666666503
522.7544910179461
930.8999999999855
699.9999999999849
930.5999999999912
676.6990291261952
107.97720797721311
939.4999999999932
719.9999999999843
941.1999999999877
936.6999999999882
181.4222222222229
277.5510204081469
936.9999999999933
453.73829787233893
751.6013071895288
569.3785488958918
211.11433224755783
935.9999999999868
945.899999999988
200.4793103448284
922.6999999999864
228.28934911242723
201.8383647798749
502.73972602738
726.4984227129172
317.31186440677897
295.2255319148934
482.7338129496213
928.2999999999857
940.7999999999975
68.38487972509097
88.42191235059772
920.0999999999868
944.7999999999894
766.1692307692241
243.04657534246581
234.56132404181233
929.6999999999937
154.54545454545968
942.0999999999876
926.5999999999892
351.11191335739943
637.903225806434
302.6228668941973
929.9999999999891
923.899999999992
876.7787003610076
249.16091205211256
920.8999999999834
273.33333333331586
905.7999999999785
908.1999999999914
194.4941176470596
338.68524590163867
929.1999999999916
918.3999999999813
272.6854489164093
936.3999999999937
349.1962962962948
224.50817610062788
242.0195439739287
928.899999999984
937.9999999999882
677.7777777777591
781.0762541805904
924.799999999983
649.1525423728638
924.4999999999924
929.8999999999842
614.760899653977
842.4460431654478
939.2999999999938
62.26415094340116
929.4999999999869
246.4228782287824
688.4615384615196
223.18422712933832
916.9999999999839
515.0027027026989
225.19559748427753
461.9047619047458
792.2871287128663
936.8999999999864
696.4071856287242
929.0999999999866
929.4999999999914
160.01863117870778
758.2089552238621
927.899999999993
925.7999999999857
937.4999999999862
321.0105263157887
761.5384615384476
383.52595155709275
562.8595744680812
919.5999999999856
930.3999999999938
930.3999999999844
485.8533834586421
934.099999999987
688.8768976897636
942.1999999999872
214.86666666666758
473.672727272724
932.7999999999926
901.2999999999772
929.1999999999857
286.9917808219174
63.59473684210532
929.5999999999837
258.62108843537413
933.5999999999866
442.1686746987792
702.083333333313
198.013245033112
924.5999999999862
911.1999999999788
229.8272727272737
921.0999999999821
324.1379310344664
59.20402684563763
378.6341296928305
380.3921568627285
937.1999999999881
306.0508090614879
937.6999999999927
386.3813229571809
891.9824427480854
874.0835443037907
882.356179775276
352.0385542168655
397.4928838951299
329.96153846153805
435.8361774743838
922.5999999999846
851.5570934255924
927.4999999999851
933.8999999999883
460.46376306619965
937.6999999999894
166.88102893891156
615.7186046511617
245.16045197740135
929.1999999999842
-1.140684410645633
438.4615384615237
919.0999999999927
184.31372549020008
854.1984732824279
661.9047619047477
927.6999999999854
855.1724137930835
314.38356164381867
933.7999999999943
106.98924731183294
524.2038216560309
720.2250871080066
928.1999999999845
208.60000000000096
252.50681003584265
195.95015576324025
185.41509433962335
589.5306859205624
448.4450184501836
921.9999999999894
229.33333333333434
225.870607028755
276.3066202090425
244.93835125448055
377.3315789473666
192.70440251572393
545.1534351145025
394.54545454543603
916.7999999999809
925.6999999999872
930.999999999994
612.6631229235833
228.35820895521394
855.7823129251574
933.5999999999849
903.6999999999881
924.1999999999945
398.60909090908865
462.2895622895451
452.587878787878
255.6338028168854
535.673144876323
93.60512820512838
386.75496688740094
228.71972318338166
920.9999999999865
434.2725085910637
914.5999999999821
350.8474576271023
424.63180212014083
615.2317880794556
188.07947019867754
651.5273381294899
339.86491228069997
879.9172413792982
817.0661971830882
164.4482758620693
168.11707317073234
803.8461538461361
319.99999999998363
362.67443609022405
270.2422145328551
933.5999999999952
264.48598130839565
774.9999999999844
251.5199356913182
932.7999999999918
732.1584569732859
539.8467432950017
930.4999999999844
353.7220216606484
584.2105263157752
919.0999999999824
576.2370370370329
687.0967741935347
926.8999999999917
226.08695652173026
314.49565217391284
380.15405405405335
918.4999999999812
929.099999999986
344.6891719745205
427.5931972789101
941.9999999999977
870.2551839464713
779.6110266159591
334.42622950817844
448.2758620689469
920.2999999999927
278.99503546099317
348.9999999999985
305.2683501683499
178.5471544715451
132.8981684981688
89.39393939394438
140.09880478087678
920.2999999999927
239.37142857142408
152.124645892356
381.83448275861844
244.51428571428647
648.4437722419888
291.7197452229119
477.78292682926536
150.01318681318708
255.20508474576286
704.8467128027643
916.8999999999829
335.5921568627443
498.67031802120005
273.62575250836164
331.9837638376381
340.8961832061071
534.4945945945909
551.9776061776015
872.9775086505135
194.98525073746376
847.5936329587962
221.55477031801368
498.994736842101
890.0532846715215
122.78823529411792
885.698657718108
860.526315789455
568.3316239316206
931.8999999999954
923.6999999999845
606.5388888888834
143.3561151079141
421.9156996587002
931.8999999999878
462.49999999998295
63.93442622951334
217.6014925373139
194.30379746835533
882.7774086378688
70.55438596491236
251.0983818770228
892.0309859154804
401.8050541516063
933.3999999999844
869.0307692307612
922.9999999999902
925.9999999999869
942.3999999999895
363.53333333333154
921.8999999999826
385.9235294117641
770.8002932551158
723.1492063491954
289.7763578274595
230.90884353741527
187.00524781341156
635.0301003344413
593.9629893238399
495.57499999999584
754.9999999999916
846.5020576131529
255.34591194966825
209.67741935483474
923.9999999999818
936.4999999999936
273.15120274914074
879.6078066914414
927.399999999993
390.19607843135503
244.59459459458114
576.7870967741896
914.4999999999902
947.4999999999901
56.050955414017295
932.8999999999884
574.284848484839
285.2180685358258
928.6999999999932
265.1452282157504
759.8726114649477
933.7999999999846
614.7917293233025
656.97475083056
449.26666666666375
924.0999999999866
443.7956204379398
875.7960396039549
210.13398692810537
138.14242424242443
925.1999999999871
276.022222222222
881.6390070921912
306.0641025641028
373.5494208494191
700.7619937694593
224.37377049180404
556.0105263157845
449.949635036495
136.23521126760605
284.0587301587298
235.06190476190588
731.897435897428
807.8088560885566
880.5693811074772
927.4999999999936
211.16455696202638
777.1929824561203
121.74202334630371
200.81497005988112
934.8999999999855
212.99756097561087
931.5999999999839
893.5959706959653
319.1379790940763
929.2999999999884
694.6127946127749
264.5833333333164
292.9790940766547
