8.376119402984944
-9.310963455149494
6.990974729241863
-9.231986531986523
-6.926984126984118
-7.930111524163561
-16.89407665505221
-9.812987012987005
-9.510963455149493
-7.762406015037586
-8.959169550173002
-7.174999999999992
-11.03529411764705
-9.879487179487171
-11.800817438692091
-10.221383647798733
-8.911111111111103
-8.14798534798534
-8.363082437275978
-10.715407854984885
-9.340677966101687
-9.631986531986522
-9.240677966101687
-5.451376146788979
-4.199999999999994
-4.966666666666649
-8.407246376811585
-9.531986531986522
-7.820123839009277
-7.074999999999992
-9.938263665594848
-8.954295532646041
-9.194557823129244
-8.094117647058816
-8.665724381625434
-8.615602836879425
-8.307246376811586
-8.665724381625434
-10.454320987654313
-8.10145985401459
-10.377639751552787
-8.959169550173002
-7.013725490196071
-9.377181208053683
-9.486486486486477
-7.874626865671633
-10.020447284345039
-9.354966887417211
-10.715407854984885
-9.05429553264604
-10.161146496815277
-8.862717770034836
-7.64848484848484
-9.00689655172413
-8.254545454545447
-8.359566787003603
-9.642105263157887
-10.041772151898726
-8.962717770034835
-9.742105263157887
-10.678397212543528
-21.693197278911537
-3.0714285714285694
-11.159701492537303
-8.30566037735848
-7.335153583617732
4.982758620689641
-12.869230769230727
-13.34981549815494
28.688372093023077
-34.928776978417126
-10.264983164983141
-7.932155477031785
-9.85496688741721
-8.042857142857123
-9.9767123287671
12.209677419354826
-7.532824427480907
1.8461538461538467
38.89367588932801
-9.59867986798679
-8.954295532646041
-9.486486486486477
-10.998961937716235
-16.392307692307664
-8.665124555160133
-9.842105263157887
-7.54848484848484
-8.20145985401459
-7.66498316498315
-82.81786941580708
-85.96491228070111
-85.0187265917597
-86.57718120805302
-86.66666666666599
-86.75496688741654
-81.30841121495281
-80.46874999999966
-22.514012738853776
-79.45205479452025
44.31958041958066
37.96891385767921
-20.50129449838177
-14.012738853503226
55.92024291497974
14.966666666666633
86.73432835820935
-22.222222222222708
130.03888888888932
98.5294117647062
59.252238805970194
3.149442379181494
360.37058823529463
123.1836298932387
6.668913857679186
55.10909090909122
25.645054945054902
27.539057239057207
0.3344481605359423
5.263157894737979
21.21904761904758
-73.07692307692324
-9.657320872273797
11.083177570093437
10.444850498338859
152.94326241134803
71.10375939849631
7.4467153284671355
-0.4097560975609795
-8.622829581993555
-1.7584905660377288
33.143621399176844
-3.795061728395055
-1.124475524475514
-72.22222222222244
-70.14925373134366
-5.956140350877183
-4.029729729729716
-6.781481481481466
76.48025477707016
14.045985401459824
-94.67368421052635
8.956410256410244
27.655555555555523
35.357894736842056
14.366666666666632
5.403030303030299
12.599999999999973
1.1302583025830302
-11.384615384615403
29.038028169014062
15.296072507552843
11.012751677852332
12.09444444444442
-9.698996655518012
43.492700729926916
18.068493150684617
12.432394366197165
8.38771929824561
-5.412639405204448
-9.75263157894735
14.495890410958864
35.99205776173276
-13.622829581993537
14.77931034482755
6.03262839879152
-0.6244755244755247
-16.037681159420305
7.688235294117629
-16.93745318352069
14.004040404040374
13.138686131388441
33.49999999999995
-3.1209790209790143
-72.02786885245943
18.67070063694262
28.67840531561456
-1.0100671140939603
59.26543209876594
64.29459459459461
9.814285714285706
15.604950495049358
59.262111801242284
70.92920962199351
21.04409448818894
95.18221343873525
89.83389830508482
13.755631399317366
30.406060606060542
-9.090909090908802
83.07811447811456
67.68702290076415
30.605976095620235
81.46363636363672
67.44927536231907
117.44864864864888
72.70204778157023
56.87925696594462
134.05016835016866
51.972084805653665
19.374999999999964
11.642662116040931
90.00303030303226
-23.397359735973588
39.69315068493146
23.58205128205124
67.18303249097498
-11.232203389830836
76.47022900763365
17.981818181817793
32.203508771929755
10.003630363036272
37.14605678233435
-2.5931464174454746
123.64285714285737
30.023129251700638
0.3717472118968036
-11.93718411552317
29.337588652482218
62.75402298850574
107.7658307210034
95.06056338028179
15.266666666666637
29.066666666666627
48.66111111111195
13.08050314465406
4.1207792207792195
118.3065040650408
-42.073170731708146
40.540579710144875
34.617770034843126
16.340816326531815
1.3071895424846365
41.33114754098355
78.70000000000005
27.50066445182712
11.89009009009051
0.9771986970693464
68.20990099009907
60.55794392523386
69.50000000000001
53.83333333333336
58.83720136518775
77.41428571428592
53.7120401337793
66.78303249097502
8.643363802463e-13
-3.74658753709204
32.50350877192976
268.42727272727257
7.806691449815464
47.400000000000574
75.33868613138733
62.53939393939402
53.53846153846169
219.86531986532546
75.1664359861593
61.507692307692395
111.74615384615444
47.05259938837918
39.367908309455565
48.64984894259817
63.65172413793124
57.04259927797837
205.9582781456925
18.454545454545418
91.91587301587319
230.74794520547962
114.46842105263173
52.94160583941607
59.26582278481081
34.699999999999946
284.81678832116853
50.26111111111112
26.70750853242317
48.96078431372685
62.8038167938944
154.58947368421067
57.38888888888904
74.6089552238809
36.14820143884887
47.67041800643085
126.9710407239821
-24.092409240924777
72.04081632653067
56.83529411764721
32.44383561643829
73.27460317460327
49.96111111111115
65.96387832699689
38.8562874251496
44.783976261127535
49.40792079207917
52.73684210526315
41.18823529411758
64.64468085106397
54.95945945945945
31.90268456375832
48.50370370370521
-16.923076923077137
134.81749174917545
63.64193548387098
243.02807017543876
93.59315960912095
151.14067796610192
-23.69999999999996
52.29934640522879
43.08915662650594
54.916546762591054
47.36363636363633
49.67019867549668
31.533447098976062
59.46088560885612
53.80676691729322
46.36881720430104
50.48585209003217
64.18521400778212
13.306148867313915
57.652471482889766
114.24965034965058
60.35223880597019
52.791187739463595
-89.84627831715238
41.53411371237451
55.24908424908426
58.22816901408456
31.710810810810756
83.53076923076954
73.77382550335888
3.5856573705189727
-68.42105263157924
29.50149253731336
-71.11913357400748
43.747682119205216
151.67081850533881
-46.31833910034605
-14.645659163987073
116.1744680851071
29.147670250896
53.074226804123725
38.844444444444356
19.1992907801418
26.44912891986055
-11.109090909091009
-18.01379310344824
37.36666666666776
22.273186119873785
29.859154929577414
-2.9736842105263186
36.86417910447755
59.33295880149828
100.2836177474415
-47.091304347826195
29.000668896320995
35.474914089349525
90.7273885350324
63.97710437710472
204.36610169491706
73.2697211155381
-12.457142857143019
-89.51048951048868
28.499999999999922
-86.88524590163867
-92.4812030075178
-58.40841121495371
-20.08911564625847
49.409090909091006
109.47064846416427
79.78461538461556
90.85957446808557
-76.7441860465115
-86.84210526315722
-93.26599326599224
-88.09523809523735
-79.65679442508647
-75.94501718213054
-77.69516728624515
15.23565891472866
9.766666666666652
0.2545454545454575
-1.29444444444443
-1.4450171821305808
-2.1011799410029397
8.070033670033652
64.41525423728812
43.64768211920521
78.5111111111112
85.40777385159014
17.083625730994093
15.345593869731779
1.722304832713757
-5.1221843003412815
-10.722829581993548
-5.445161290322568
-4.233110367892966
52.61558441558438
72.10094637223989
13.599999999999966
-0.7904761904761788
-4.46101694915253
-2.546278317152087
70.61900311526496
12.262283737024205
1.374025974025983
-0.2620689655172477
-2.048101265822776
-1.344186046511627
49.31176470588231
17.220547945205432
81.23848797250899
-2.387421383647787
-0.009756097560980947
1.923076923076927
-4.281443298969066
-2.001179941002942
47.431292517006824
12.061538461538433
-4.104477611940279
12.626523297491019
10.96153846153842
-81.76291793313028
10.812751677852333
84.46363636363651
34.60674157303366
-1.7584905660377323
64.40408163265386
48.23129251700682
104.88411552346578
-0.8092150170648509
50.41214953271027
5.100334448160524
3.7738351254480236
15.571197411003219
87.0052980132452
12.294444444444423
-4.565771812080522
-79.85602605863245
-28.52616487455189
42.045847176079576
77.47936507936535
121.16415094339658
45.85053380782905
-5.956140350877183
-6.358620689655162
-6.238888888888878
-8.072049689440982
-4.427868852459003
18.538888888888856
37.764179104477556
83.3738170347006
-12.689940828402328
5.103030303030291
112.73382899628328
55.15882352941178
81.6290322580647
-3.4419354838711094
-9.710394265232937
9.369774919614144
23.193050193050148
13.699999999999974
63.65000000000008
169.39230769230798
90.34897959183681
106.10000000000018
23.241516245487333
7.960992907801401
2.945569620253167
10.104620462046078
3.8463576158939574
-88.63636363636292
-73.78277153558065
-92.36641221373948
-13.633333333333297
-18.415602836879405
-17.664912280701728
17.307086614173194
2.8777777777777693
-6.060606060605597
-56.95364238410678
-90.16393442622865
-84.662576687116
-92.98245614034987
-42.325291828794235
105.14305949008538
345.0724137931014
39.5603174603174
42.184810126582185
307.03797909407194
24.190977443608894
226.50299003322365
31.84055944055941
298.0359735973583
554.4259259259187
-85.33724340175893
135.9484641638229
250.6482758620661
68.0949152542373
101.1740072202167
7.266435986160111
217.75555555555587
149.11318681318716
223.61587301587372
63.976094276094315
273.73793103448276
132.87469879518116
128.16216216216233
270.76953642384086
31.604580152674934
136.77452229299394
76.0638783269963
40.46567164179409
107.67593984962491
100.14285714285725
285.0477351916336
83.1811188811192
197.57544483985822
152.62941176470693
123.09658703071705
66.8025974025974
75.3394160583942
76.01485148515098
242.85862068965514
103.26363636363646
117.03763440860237
33.58778625954496
62.93333333333335
109.16111111111144
51.394422310761264
39.34999999999994
209.92695035461074
37.40769230769328
236.1237762237766
78.60726643598682
184.44300341296986
120.78596491228089
109.65714285714293
135.17509025270775
210.02695035461073
132.66666666666694
218.14819277108535
61.42542372881354
122.76394557823153
296.005263157894
71.7890784982936
180.8930795847753
37.654198473285334
20.823529411764525
72.34081632653066
121.65128205128235
64.7414012738854
64.30559440559445
156.02409638554755
122.73382899628277
58.801003344481714
62.55000000000004
74.83870967741942
40.181818181818144
63.78521400778213
70.29860139860148
63.94802867383693
136.6614334470995
51.281081081081055
123.33430656934334
38.20563380281684
61.80526315789474
54.710526315789465
147.15084745762738
89.19487179487193
86.25454545454721
84.05409836065587
81.8939597315438
146.05323741007243
36.99209621993123
70.57519379844967
34.39999999999994
53.14979919678896
214.378378378379
68.1401459854015
2.155414012738518
-40.39735099337806
17.39999999999973
143.98625429553724
213.0235294117678
-6.373667711599245
-20.693939393939914
-17.464429530201727
198.6158730158744
18.227586206896518
51.35647840531557
103.73228346456735
-29.597709923664766
35.78181818181808
295.87813765182153
-48.2200647249199
234.35517241379395
-44.055944055944884
37.90209059233441
185.2302325581399
65.71993127147773
49.66507936507938
171.82121212121288
53.633333333333354
49.31621621621687
69.10375939849634
324.06056338028196
298.5053231939166
-44.262295081968006
-42.372881355933046
56.306896551724165
64.20289855072465
54.34542772861384
25.51690140845068
128.26644951140105
56.087087087087085
73.0982578397216
122.16666666666688
65.7446808510639
46.34936708860752
148.34648829431492
60.30402684563761
31.433449477351843
43.54840764331204
48.424999999999955
53.13727598566307
167.1900763358784
17.854545454545423
34.159649122810784
75.68571428571477
90.62358803986719
86.30303030303106
105.84275618374568
-52.238805970150054
25.131921824104104
-50.70422535211348
-87.99999999999903
-58.33333333333376
-35.7142857142866
145.90606060606078
205.02508361204164
224.87546468401578
-61.876832844575546
69.58610038610045
137.25747508305682
117.07175572519105
52.35862068965517
62.02325581395351
56.716417910452314
100.10418118466909
32.51081081081077
-37.06293706293784
-36.39575971731525
-4.255319148935563
200.32767295597574
229.749103942645
247.97297297295975
302.6400611620787
54.35652173913047
58.47297297297297
61.633333333333354
53.424232081911285
40.1363914373088
48.98477508650518
80.65714285714293
104.55578231292529
309.09061371841085
59.379710144927515
63.462815884476555
53.810526315789474
323.3210526315776
51.44498269896194
59.30909090909091
108.24146341463427
104.94713804713818
46.711960132890326
53.6363636363636
252.18029739776983
69.20000000000007
54.141605839416044
137.14263565891497
66.41986970684046
30.70621118012418
54.80638297872342
56.42816901408453
166.97815699658756
120.98596491228088
59.10891089108911
39.877108433734854
8.391608391609696
59.16153846153844
55.20565371024732
57.2
67.76065573770501
276.9421052631549
67.07626459143974
45.03365695792877
49.18852459016394
313.20156739811904
98.69701492537334
46.24936708860753
55.909252669039134
78.00322580645165
50.16111111111108
75.05454545454553
40.57543859649115
45.1753246753246
56.98625954198474
60.76603773584907
46.49938080495352
56.42150537634407
53.91204013377927
62.46575342465758
46.257894736842076
56.30689655172415
53.49055374592834
346.10439560439494
52.04498269896193
50.00175438596489
51.06100628930818
65.42230215827344
157.226443768998
281.2949640287686
301.8423728813555
62.55703422053236
86.64761904761912
40.20726072607251
58.94707903780072
340.78434504792386
56.53093525179857
114.74814814814832
230.4479452054796
240.28762214983806
363.0734265734259
264.88139534883305
122.39710144927543
156.4675675675679
46.40759075907583
53.923693379790905
57.656521739130426
35.02577030812317
67.70000000000006
51.28608058608059
47.81935483870964
43.98970099667766
42.689156626505934
52.13265306122446
13.636363636365147
57.248322147651024
49.70792079207915
25.000000000002316
97.77756653992414
39.9864048338368
224.1333333333347
201.159740259741
191.6666666666674
14.186851211074226
306.89104477611517
114.7698113207548
105.4045801526719
153.23463035019552
162.79603399433586
6.9440677966121385
224.48823529411825
77.96289308176115
130.2000000000011
174.74285714285782
365.0787878787873
79.92727272727285
178.4500000000005
244.51428571428653
284.22592592592565
138.6490196078433
315.2175438596395
120.51954022988522
212.0118577075101
43.08629737609321
212.86697819314728
446.8473684210499
172.82222222222262
54.27508417508419
261.11818181818165
124.92203389830527
29.427986348124904
280.47692307692313
267.6146179401997
84.90075187969948
232.51578947368455
236.6089171974532
-0.735294117646367
298.5790378006868
115.9000000000002
312.4666666666661
407.91538461538323
277.584697508897
853.526315789459
100.46955017301138
227.72857142857237
318.55875486381274
34.54545454545758
314.9539682539677
411.5683274021334
119.69400749063718
216.52640264026434
500.8025641025613
11.111111111110597
256.11510791365123
143.82977346278352
86.32061855670123
284.9890459363959
286.58146964854933
50.22238267148012
316.2384105960262
421.8436090225535
380.26129032257955
252.68127090301113
315.3363636363634
299.16438356164355
364.05753424657394
307.1428571428429
371.9491749174779
283.64285714285757
373.2362318840572
261.6193548386948
606.4470588235239
45.39007092198947
81.36466876971623
220.8842271293384
371.0764478764392
393.0506849314966
414.1364312267638
602.2740740740684
863.9213114753978
441.8064846416337
52.72727272727679
398.24492753623036
359.94620462045845
447.2666666666574
272.6595155709344
482.07142857142225
411.6202614379067
87.25018726591776
483.9272727272682
453.7169435215907
305.9947368421044
97.57547169811336
-74.3589743589744
567.3811594202871
183.1541218638043
403.44661654135103
309.6172523961663
735.087719298228
640.0671586715825
351.9117647058819
392.83333333333263
95.18614232209765
460.728093645483
259.3647058823532
464.147445255473
98.33333333333358
673.2342007434811
230.7620689655183
488.30102389078013
855.6173010380553
309.982006920415
747.9555910543061
558.1345195729498
387.6666666666644
316.9381107491714
220.3809061488683
342.6840830449823
116.92784810126633
153.20512820513318
97.06164383561676
571.4823529411715
94.91139240506357
216.84152046783933
296.1594684385381
276.6219081272088
921.6999999999879
290.65545171339625
205.07837837837943
471.9255663430375
861.0229885057422
911.9999999999919
302.1617747440266
851.5714285714156
594.4902527075762
552.4999999999957
125.7630662020909
861.1055555555399
509.4307167235431
854.2649006622445
537.3343949044506
680.1505226480762
238.69072847682168
576.1846715328419
421.1488448844868
282.84834437086107
58.62068965517709
307.3131147540981
96.48686131386879
587.4929577464733
607.925423728807
157.13371647509618
118.90609318996457
784.6153846153701
862.6865671641624
798.2456140350708
300.7518900343639
137.34811715481203
540.4136986301321
11.111111111112445
678.8870503597028
923.699999999986
569.390849673196
58.730158730163616
208.6816720257246
849.1971731448631
259.58904109587553
861.0628865979232
541.6382252559536
56.73093525179857
918.7999999999847
908.1999999999847
908.799999999983
911.7999999999861
112.31379310344988
867.6375404530581
109.68361774744108
337.823875432525
257.107462686567
558.8993174061358
900.199999999983
904.8999999999816
345.75591054313014
369.59876543209805
390.9871972318326
730.8157099697706
159.49367088608133
52.263374485598945
321.7537414965981
135.89172932330888
713.4556574923405
281.08882521488863
915.6999999999878
102.65970149253765
865.4016949152427
326.5035971223014
119.35805243445714
222.02404181184713
188.11464968152913
307.99999999999983
377.90317460317425
81.13207547170325
736.7346938775413
904.2999999999852
860.7468085106298
679.8927536231852
219.34125874125914
-6.752411575562261
855.3903345724783
906.9999999999843
862.4573378839386
919.6999999999919
249.09491525423584
918.2999999999864
574.5762711864287
782.1548821548691
781.0689922480584
429.6072463768105
230.02706270627095
219.5036809815954
432.6032028469729
914.9999999999889
905.699999999983
435.67188498402123
708.4495356037082
243.99750889679774
282.01067193675897
462.4999999999883
467.32686567163654
604.2052631578862
913.3999999999843
911.1999999999832
853.1794520547791
841.2611111110913
908.0999999999843
837.3570934255953
321.93754152823794
134.59411764705933
323.1264214046819
864.6468085106304
269.8630136986142
121.10915750915788
307.6595469255653
105.20040485829996
283.6596491228063
38.83639143730878
594.7040498442224
848.0691699604656
689.8056603773497
