-87.87878787878715
-94.21965317918966
-93.61022364217148
-58.33333333333436
-46.90265486725773
-93.26599326599224
-94.38202247190902
-57.23684210526369
-90.06622516556207
-93.61022364217148
-65.23246753246829
-9.018726591760288
-25.40145985401456
-11.738940809968835
-11.66081504702193
-8.956026058631894
-9.613986013986002
-10.542105263157884
-9.465724381625432
-9.93198653198652
-8.865124555160133
-8.964912280701746
-2.7966996699669693
-9.498679867986791
-7.632824427480907
-8.665124555160133
-8.339852398523975
-9.540677966101686
-9.59867986798679
-9.194557823129244
-8.864912280701747
-10.592307692307683
-9.111111111111104
-6.138888888888879
-7.927129337539421
-8.859169550173002
-9.354966887417211
-8.2115107913669
-8.51549295774647
-7.390874524714821
-8.107246376811586
-8.564912280701748
-8.564912280701748
-8.862717770034836
-9.310963455149494
-9.861146496815278
-9.69677419354838
-7.5624060150375865
-8.515602836879426
-10.46758409785932
-9.57068403908794
-7.618726591760293
-8.94812286689419
-9.528104575163391
-8.854295532646042
-11.979487179487164
-92.09486166007808
-79.38144329896902
-80.51948051948014
-87.80487804877974
-82.7586206896547
-86.48648648648582
-86.62207357859464
-85.13011152416297
-83.71335504885941
-84.01786941580815
-30.450847457627056
-84.73282442748034
-85.29411764705821
-2.36340694006309
-5.374074074074054
3.020553359683749
-0.3027397260274043
-7.62817337461297
-12.138709677419316
-4.66086956521737
-82.07885304659455
1.558064516129015
26.277405857740455
7.469257950529993
15.362589928057503
18.770479704797005
-54.95000000000023
-18.75614035087715
1.6687943262411196
14.776119402985003
-3.837681159420306
2.518250950570316
6.633070866141679
-84.02555910543077
-77.71603053435172
-83.10810810810761
-82.39436619718265
-80.8306709265172
-79.52218430034102
-86.0627177700342
-86.88524590163865
-81.27340823969999
-82.08955223880554
-79.86577181208021
-70.58823529411795
-73.68421052631585
-76.97368421052616
-75.60975609756089
-78.94736842105236
-75.17730496453895
-74.99999999999994
-70.00000000000024
-68.9922480620159
-81.24999999999962
-78.52760736196295
-11.86440677966192
-81.2030075187966
14.218181818181598
-58.86075949367168
-63.33333333333413
-57.894736842106056
-59.86622073578675
-64.17910447761271
-46.48829431438206
-42.1965317919083
-39.597315436242404
-29.32862190812803
-45.25547445255555
-47.552447552448356
-58.456973293769344
39.388888888888715
-56.3758389261753
-52.22929936305812
20.992096219931
38.68695652173896
30.515658362989136
-18.28793774319092
-35.064935064935895
79.58798283261825
-37.086092715232596
-46.03174603174683
-42.74809160305426
-74.19354838709684
-39.393939393940194
-40.972222222223046
-55.27156549520848
-48.57142857142938
-51.04895104895185
27.73722627737481
-35.71428571428654
-44.44444444444527
-51.29870129870212
-52.681388012619095
-38.35616438356246
-35.84905660377439
22.99139072847668
-48.387096774194355
-41.40625000000083
-43.52159468438621
114.06415094339707
27.055670103092638
23.823529411764575
-21.42857142857221
-29.88929889298976
-34.4262295081975
25.000000000002174
-39.59731543624243
202.49110320284854
595.6521739130291
325.3571428571293
398.26989619375877
699.2700729926862
267.00336700335345
343.4250764525878
79.21146953405531
903.499999999981
334.6405228758037
815.7894736841932
170.27027027027538
571.0097719869552
237.53943217664792
530.1369863013547
258.6085409252672
44.82758620690038
1.2145748987864184
35.483870967744906
318.599999999999
542.638983050842
18.46689895470564
-45.20547945205561
38.514498141263886
31.10066445182718
-48.94894894894976
-43.5215946843862
20.37142857142853
32.543835616438294
-9.43396226415065
-1.0600706713775108
88.72291021671917
39.9022900763358
232.6115646258509
612.0924528301819
282.6810810810811
162.39067055394077
36.934065934065885
378.68852459014835
8.208955223881826
10.367892976590108
20.30075187970126
95.385714285715
33.417770034843116
348.6301369862858
38.188235294117526
30.316949152542264
24.577813504823048
-49.52681388012697
276.66055363321516
24.277813504823044
21.891390728476672
33.27647058823519
21.84012738853493
29.255670103092676
36.02941176470888
30.680281690140752
27.170671378091733
24.282334384857954
28.88373702422134
-1.408450704224893
28.417391304347653
23.93950177935929
17.233333333333178
32.46417910447749
30.656939501779235
29.35789473684197
172.71219512195208
22.90594059405923
33.08194945848366
-32.74853801169665
22.92352941176457
24.58571428571406
33.62978723404247
-35.84905660377439
-2.1739130434777114
32.280281690140775
23.723129251700556
-39.59731543624244
21.379935275080832
-39.79933110367975
35.036496350368026
-35.51407624633469
-30.769230769231594
-37.71626297577935
39.01249999999989
76.32727272727517
44.40433212996756
39.7980694980694
100.76363636363659
-40.0000000000008
-43.57366771159956
146.42857142857673
74.8714285714297
165.45454545455019
202.81690140845058
-45.28875379939292
245.86466165412253
419.48051948050676
245.39473684209244
281.1320754716817
905.999999999991
111.80555555556072
262.59541984731334
74.08906882591603
203.7552447552452
300.6968641114853
167.7829931972791
205.84192439862352
238.52140077819817
241.91176470587035
184.45135135135203
216.66666666666111
264.58333333331683
32.48489208633369
93.2759493670893
634.4965517241295
177.22772277228202
24.528301886794587
-2.02702702702633
429.94011976046124
118.24868913857748
-32.86219081272169
138.75611510791435
123.10000000000068
216.49831649831094
-1.7543859649115265
90.22040816326707
221.63065134099705
23.566666666667295
59.47915057915418
171.86760563380312
248.7634920634922
399.9999999999838
349.53523131672387
306.9687499999982
85.18111888111909
187.11194029850788
59.02140672783368
39.54388714733578
56.02836879433096
291.71428571428544
-2.255639097743603
-20.588235294118025
211.712048192772
49.33548387097025
270.35605095541405
-14.473684210526269
560.8053691275131
67.56896551724509
-6.040268456375319
84.38649517684925
245.45454545453032
551.6896551724064
-17.981072555205206
-8.474576271186084
198.9690721649494
240.8142857142862
-12.457912457912261
224.86551724137976
194.96385542168784
-9.9999999999997
501.49531772574665
561.1932384341583
519.2468619246865
219.9373134328351
-6.896551724137428
357.6410596026496
-6.574394463667348
356.3921810699583
675.8973421926842
225.28051948052064
-6.666666666666181
250.9993006993011
45.098039215690065
-0.7352941176462249
203.70220820189337
-14.110429447852676
-3.5369774919607795
285.0716535433076
-7.473309608540454
293.9157894736837
-3.225806451612236
233.33333333332465
329.59094076655003
17.187500000001826
295.1360544217686
-18.08873720136533
-48.387096774194355
148.40764331210687
9.48905109489181
102.7826086956523
25.490196078433783
-4.109589041095264
6.007067137810317
314.15891238670577
180.73809523809598
245.5855457227143
253.6191570881221
-6.976744186046071
375.6714285714284
-9.967845659163713
208.72483221476202
-13.580246913580188
-4.6052631578942
108.50476190476326
10.294117647060236
54.10909090909129
-13.183279742765164
249.65034965033402
50.94339622641922
30.000000000002643
271.7857142857147
345.93680781758906
1.0101010101019314
7.023411371238755
57.89473684211008
141.9821917808222
256.49746835442994
11.524163568774755
58.33809523809569
321.24542124540363
239.44504792332356
5.83941605839534
7.407407407408737
32.203389830511284
-1.9607843137246908
-0.6622516556282815
6.382978723405538
269.8911392405068
-5.723905723905178
-12.22570532915342
375.8111111111104
157.14615384615414
-13.183279742765135
150.8361204013433
65.9751037344451
9.803921568628876
-6.976744186046057
1.8181818181828087
2.8368794326251976
-14.956011730205285
-19.78609625668489
2.1897810218987854
27.147766323026595
3.448275862070056
-11.671924290220591
3.2028469750900506
62.45487364621431
222.80701754385103
209.76430976430694
-7.051282051281589
195.27435897435944
190.20979020979104
368.58225255972496
456.8781954887187
270.4553113553112
109.35714285714297
26.666666666669073
40.740740740744336
274.6182410423453
259.2424242424243
66.66666666667183
11.524163568774755
193.6363636363644
158.7859424920182
245.0479233226701
253.09748427672986
176.07361963190647
184.74576271186717
311.31538461537843
-51.45631067961246
12.78195488721955
269.1939393939395
278.47222222220546
31.57894736842342
270.13131313131345
-1.6393442622945715
196.32524916943825
293.5018050541335
273.024595469255
272.71831501831485
-59.45945945946028
169.4471698113213
-56.37583892617531
-58.17490494296659
244.01428571428653
206.65324675324757
200.23836477987498
232.94794952681465
83.67346938775998
219.65925925925964
234.61935483871002
260.5705882352946
232.78129496402966
16.352201257862177
9.848484848486134
12.817431192660152
18.594982078852993
-62.96296296296374
242.9348242811509
244.3708609271384
-61.53846153846236
293.7282229964987
-47.1830985915501
181.68380062305363
235.6869257950474
343.08715953307114
-58.64661654135421
-62.52758620689733
254.387096774194
169.89619377163095
-90.3846153846145
-38.837920489297446
30.417770034843095
-64.51612903225882
24.95558912386769
-2.284905660377415
-52.94117647058906
-15.915915915916463
328.06013289036457
5.8823529411768725
234.3848580441693
207.44676258992274
47.21611721611956
-41.17647058823609
297.6074349442375
-42.85714285714368
-2.515723270439532
5.6105610561068175
-4.3209876543204455
176.70000000000087
142.8571428571483
116.6064981949508
6.107751937984482
-83.10810810810761
202.41358024691473
13.740955631401114
84.37906976744202
170.088957055215
11.980281690140487
242.36666666666753
-36.170212765958276
60.71428571429066
71.01267605633812
10.738255033558518
253.53535353533974
-48.339483394834765
241.36882129277643
77.37900355871899
33.32978723404246
-31.59609120521255
36.8421052631611
314.1229390680998
208.300000000001
-22.80701754386015
-12.45791245791229
81.92346570397119
331.03448275860217
179.46153846153882
90.47619047619557
220.87227414329527
11.940298507464258
355.8268551236744
169.2307692307745
289.0333333333329
263.87014925373063
170.63172804532613
91.61254125412565
328.8620689655156
264.1888501742163
239.04516129032277
241.63993610223628
374.7769230769228
0.7194244604325578
-8.424908424908143
223.68612716763113
174.67283236994285
-13.6904761904763
281.0082706766917
281.9379310344822
320.5846743295009
338.77972508591
3.9426523297501688
105.82424242424278
399.1962848297198
192.92310231023137
328.5876712328762
283.97586206895994
203.23592233009862
77.81369863013713
0.34602076124637937
175.6908045977018
177.8619047619055
39.62264150943726
312.32145110409965
252.68621908127233
294.7368421052461
-12.408759124087428
-45.68690095846726
83.56689895470394
261.2911032028474
107.53125000000045
475.1507462686537
-43.78698224852154
313.67435897435803
97.69847094801253
37.8340659340659
195.95015576324093
36.085714285714225
25.69221556886224
34.93706293706291
291.9897280966762
272.62357414446916
36.64820143884888
23.612903225806413
-44.07894736842185
435.4888475836416
-37.03703703703787
245.98169934640583
271.98181818181865
263.39452054794515
192.3976608187133
262.19826989619395
251.34406779660566
247.07903780067232
-48.79518072289239
-26.35658914728757
286.3636363636187
30.62068965517237
294.24207119740964
26.945871559632984
101.78275862068988
316.5864864864864
29.96451612903222
197.4683544303797
81.83868613138695
233.12727272727315
317.1749999999996
25.811705685618684
246.02541806020156
371.29682539682454
279.66332046332053
86.15714285714293
70.25135135135136
-3.1141868512105346
33.868965517241335
-41.717791411043734
70.90375939849633
398.89230769230414
241.46341463413268
177.9534246575345
268.10283911671934
509.83606557375344
416.15384615384517
217.55866261398268
247.43720930232956
213.62481751824905
80.34019292604509
292.1323741007193
342.6305084745752
292.5666666666664
208.6000000000009
299.6656934306575
252.3299684542588
299.73465346534647
270.585314685315
306.28172757475073
33.73706293706289
250.8293729372939
296.1634146341461
327.9819397993311
290.28275862068904
365.33971631205515
202.297959183674
21.42857142857345
348.79413680781727
312.46060606060587
399.07959183673404
213.00122699386523
227.45245901639416
389.07303754265934
262.7224489795919
3.7735849056613344
28.90397553516815
194.16790123456875
-7.894736842105061
25.00000000000226
510.048201438845
376.6151898734162
281.602803738318
180.6430463576162
425.124475524475
313.7306049822061
221.06024096385647
420.9703703703682
263.94197530864267
83.76666666666677
286.7036789297663
38.408304498273054
-2.027027027026344
362.1245210727945
185.3835443037983
8.391608391609624
89.09375000000014
71.19003322259141
221.91538461538494
203.50591900311613
253.53629343629393
86.1185185185187
6.22710622710736
211.2556291390732
343.12564102564113
430.00074906366905
55.70934256055802
252.93684210526288
109.95714285714303
227.20563380281783
79.02664359861598
299.7596491228061
208.02118380062385
80.00000000000011
82.16486486486494
82.28571428571436
91.26107382550357
310.9158940397349
426.5777777777753
65.89179810725561
74.15454545454553
71.6944785276075
222.03333333333424
86.38111888111897
82.95423728813567
386.7340248962654
340.01615120274846
4.729729729730645
177.30112359550643
73.26923076923087
81.49310344827602
312.0718861209964
83.72346570397117
285.6209150326634
76.16789297658879
239.55223880595682
94.2115942028986
118.82727272727294
371.5725631768938
340.455102040816
88.82352941176481
322.83696369636937
446.36666666666144
312.7206896551713
211.6556291390732
153.3146118721465
174.22121212121274
225.41724137931055
182.12222222222263
226.72328767123307
564.9629893238324
348.1481481481299
63.01525423728816
81.18125000000012
219.54125874125913
51.515151515155644
206.76119402985114
252.61764705882365
290.6947735191634
480.15535055350375
116.30349854227427
85.13278688524606
117.1027491408937
19.047619047620913
73.9631578947369
117.71788079470227
130.1653061224492
194.4137123745828
274.3488721804503
159.9191235059763
45.161290322584414
181.5401253918507
290.38387096774164
9.929078014185821
111.53816793893148
198.26666666666733
154.27619047619066
30.281690140847644
170.22352941176504
42.8571428571464
210.81081081080634
262.36933797907625
-45.288753799392914
177.53287197231856
338.29230769230685
250.906810035842
158.6835962145115
277.11456953642204
311.9770491803276
-39.18918918918999
208.1761006289274
252.40769230769234
241.38148148148167
201.87088607595044
353.8933554817265
40.62500000000348
286.1491039426522
479.168345323736
292.0400722021654
274.3323232323225
202.58302583025554
17.886178861790455
18.08118081181003
371.20752688171666
100.00000000000495
125.98870056497671
292.91578947368356
346.8063973063959
218.791946308718
-11.111111111111006
155.83793103448505
375.8303886925721
499.2907801418273
-22.29729729729794
484.6782608695627
195.81993569131822
486.24635761589246
34.48275862069269
328.7769230769227
195.59577464788646
560.9681647940033
325.32467532465904
266.9847908745251
238.05015974440988
1.3071895424845512
272.0136518771154
-20.41522491349522
11.111111111112573
249.70379746835522
-4.76190476190421
296.9897526501756
235.82089552237557
40.8934707903815
2.836879432625155
285.12582781456933
-14.556962025316496
-0.9900990099002083
-6.354515050166702
295.8946564885501
214.8257425742579
253.82970297029726
219.05016077170453
73.90349344978172
-15.73033707865178
553.0923076923053
201.0033444816047
0.6944444444445668
32.404181184671785
45.122077922078034
201.17796610169535
260.26936026934305
235.37777777777873
420.07967479674625
21.52777777777991
22.30215827338339
-25.92592592592668
25.133333333333304
197.945205479451
28.472222222224943
281.49690721649483
298.60522875816986
-19.298245614035363
-21.232876712329197
-53.40501792114775
239.25061728395167
-57.020057306591035
-41.780821917809014
88.82415902140696
204.61538461538203
-36.96275071633314
-46.37223974763486
-40.74074074074156
-20.26578073089779
279.90701754385896
29.032432432432394
248.16213592233032
-46.61921708185135
22.90481927710838
8.61423220973909
18.811627906976717
-49.843260188088585
32.51081081081077
275.0121212121211
-48.387096774194355
323.14705882352945
320.4016949152536
167.12328767123762
-44.05594405594487
-47.01986754966969
-46.42857142857225
328.1709030100336
81.07605633802827
9.215017064847707
273.2394366197013
-32.33082706767001
-1.8867924528294513
-55.92286501377491
346.7034482758603
257.9000000000004
-5.511811023621467
-29.48717948718031
291.0463320463318
-6.24999999999946
356.6666666666484
296.1458646616539
218.9695652173923
91.28300653594792
253.6152542372883
204.4380281690108
-6.574394463667362
307.03333333331847
197.02970297029617
-47.55244755244836
351.30958904109383
8.108108108109311
250.87719298243917
39.28571428571762
186.68941979522407
-18.56677524429931
179.76190476191007
263.0478405315619
31.672597864771504
7.683870967741907
204.76996904024895
140.00000000000526
208.3993197278914
278.9
-60.72507552870171
20.000000000002032
213.6645962732864
242.31052631578933
184.21052631579187
266.2643097643101
152.10172910662885
317.26618705034196
40.969162995598204
46.85314685315072
207.42049469964297
21.428571428573434
10.320284697510084
236.66666666665571
67.68421052631582
99.27259786476888
248.4551724137931
231.4088435374152
-8.771929824561147
45.1612903225839
200.97087378640592
220.62404181184712
426.71755725189183
269.81132075469884
234.729702970293
311.0099290780143
180.40540540540974
314.6359735973595
420.6874213836434
31.999999999999964
392.87931034482534
174.33628318584564
380.44389438943614
-8.163265306122073
365.7844155844151
51.006711409400125
298.64421768707075
234.32135231316803
271.42857142855394
175.16727828746258
63.562540716612446
274.5819397993142
394.6431654676232
270.3703703703542
68.69078014184407
67.93893129771511
551.1627906976573
278.00687285221625
351.22116040954785
296.50618556701
174.43609022556933
372.40273037541823
308.93470790376284
238.06976744186153
315.1615916955015
328.0936454849332
32.6530612244926
58.53658536585821
410.0272727272672
628.205797101447
30.268199233719145
451.3307984790813
235.54817275746367
408.4656804733677
-7.216494845360355
0.8902077151343095
248.14814814813226
217.72575250835516
309.7144486692016
45.76271186441054
316.11369863013607
309.09090909089224
381.88405797099773
156.8493150684979
328.72419928825514
271.6316770186251
1.8181818181827945
257.60588235293534
255.97234042553242
413.0465346534642
41.21351351351563
329.29463087248206
112.02531645570156
64.516129032263
304.01967213114733
178.44311377246058
48.884946236561746
-6.976744186046085
305.6805054151617
207.4433656957936
288.8888888888798
343.5860068259245
-10.29900332225887
217.61006289307545
-2.985074626864947
34.32835820895831
237.88395904435612
323.27239057238495
471.1333333333306
88.10726643598628
596.7271186440634
107.74647887324456
