-38.34848484848494
-7.947985347985341
-9.528104575163391
-8.263082437275978
-9.398679867986791
-8.613986013986006
-9.45496688741721
-61.70000000000045
-2.7473684210526237
-11.204093567251453
-9.348122866894188
-8.665724381625434
-7.074999999999992
-9.812987012987005
-9.00689655172413
-9.10136986301369
-9.42207357859531
-8.463082437275977
-4.54328358208954
-67.23975903614499
-10.879487179487167
-11.151807228915652
-11.715602836879418
-8.399999999999986
-10.174626865671625
-9.847985347985334
-42.632824427480934
-14.059701492537293
-9.231986531986523
-9.42207357859531
-9.364912280701745
-9.854545454545441
-11.54812286689418
-14.06855524079319
-10.811111111111094
-11.120447284345035
-11.148122866894184
-10.562406015037576
-12.21111111111109
-12.610963455149482
-8.898349834983481
-13.10058997050146
-10.148484848484829
-11.360815047021932
-13.415407854984876
-11.34812286689418
-11.192307692307681
-10.385245901639333
-10.906896551724122
-9.764912280701743
-15.9319865319865
-12.412987012986996
-10.381703470031537
-21.03894080996882
-11.979487179487164
-10.048122866894188
-10.36271777003483
-11.262406015037573
-11.111111111111095
-27.32044728434501
-6.132075471698094
-7.876712328767107
-84.96240601503703
-86.25429553264541
-83.16498316498267
-74.3589743589744
-85.86572438162443
-69.49152542372926
-86.84210526315721
-82.26950354609886
-13.439350180505382
-42.72105263157934
-80.91603053435078
-82.39436619718265
-86.88524590163867
-83.16498316498267
-85.76512455515952
-88.505747126436
-86.97068403908726
-86.20689655172349
-84.555984555984
-75.26501766784455
-73.21428571428578
-81.2030075187966
-83.16498316498267
-85.13011152416297
-87.13826366559415
-88.20058997050072
-86.25429553264539
-85.76512455515952
-87.09677419354769
-84.18972332015755
-84.9056603773579
-84.4357976653691
-87.17948717948647
-86.15916955017236
-86.53198653198586
-76.26013071895478
-83.10810810810761
-86.84210526315721
-85.13011152416297
-86.79867986798611
-84.9056603773579
-85.40145985401398
-85.50724637681097
-86.62207357859464
-88.05970149253656
-81.94945848375409
-85.8657243816248
-84.9056603773579
-84.67432950191514
-87.17948717948647
-86.44067796610103
-87.22044728434433
-42.19411764705889
-86.20689655172349
-86.75496688741653
-85.50724637681097
-87.05501618122908
-86.3945578231286
-87.05501618122908
-86.48648648648582
-84.67432950191514
-88.60398860398782
-87.98798798798724
-85.96491228070111
-85.38011695906377
-84.9056603773579
-64.60975609756147
-4.277777777777761
-0.9376811594202756
-5.827607361963166
-0.17407407407407405
-2.078546712802755
-3.8641025641025486
-9.277777777777743
-40.06498316498314
-16.760130718954205
-5.741916167664648
-13.549458483754474
-21.64370860927148
-3.521192052980112
0.8777777777777835
-8.94285714285712
-8.78405797101447
-7.065771812080515
-56.32147651006738
-81.75182481751783
-86.84210526315721
-85.61151079136629
-86.11111111111046
-87.09677419354769
-87.22044728434433
-78.63247863247838
-86.01398601398537
-86.34812286689353
-84.9056603773579
-87.98798798798724
-88.57142857142779
-86.75496688741653
-86.97068403908726
-87.65432098765359
-86.75496688741653
-73.48484848484813
-36.34474708171197
-2.9999999999999787
-82.45614035087655
-85.40145985401398
-80.91603053435084
-85.8657243816248
-78.57142857142838
-80.84291187739407
-81.34328358208916
-83.0508474576267
-47.52786885245914
-83.49834983498305
-54.95238095238118
-84.555984555984
-48.60000000000014
-31.843283582089477
-10.87878787878787
-8.82414860681112
7.287719298245609
11.316560509554122
7.983177570093417
-72.7891156462587
-87.34177215189801
-74.02597402597411
-86.53198653198586
-83.66013071895372
-85.71428571428508
-82.93515358361732
-86.25429553264539
-86.20689655172347
-86.11111111111046
-87.42138364779802
-85.29411764705821
-87.57763975155207
-86.30136986301304
-86.01398601398537
-86.15916955017236
-84.73282442748034
-85.40145985401398
-86.25429553264539
-84.73282442748034
-84.79087452471425
-84.31372549019552
-87.73006134969252
-83.05084745762663
-87.09677419354769
-85.76512455515952
-86.20689655172347
-85.66308243727536
-85.76512455515952
-85.8657243816248
-85.96491228070111
-86.97068403908726
-86.71096345514881
-85.0187265917597
-86.25429553264539
-86.15916955017236
-86.34812286689353
-85.66308243727536
-87.76758409785859
-86.75496688741653
-85.40145985401398
-85.50724637681097
-85.07462686567105
-87.42138364779802
-85.96491228070111
-86.15916955017236
-84.73282442748034
-86.3945578231286
-87.69230769230695
-85.66308243727536
-86.71096345514881
-86.25429553264539
-87.42138364779802
-85.96491228070111
-86.84210526315721
-86.57718120805302
-86.20689655172349
-85.91549295774584
-86.9281045751627
-87.13826366559415
-86.0627177700342
-84.25196850393645
-87.01298701298631
-85.61151079136629
-88.53868194842329
-84.4961240310072
-87.34177215189801
-87.05501618122908
-85.1851851851846
-87.65432098765359
-84.31372549019552
-84.79087452471425
-86.11111111111046
-86.66666666666599
-85.91549295774584
-85.50724637681097
-85.8657243816248
-85.45454545454484
-87.76758409785859
-87.57763975155207
-70.37037037037058
-71.32616487455213
-83.87096774193496
-88.98071625344272
-85.07462686567105
-83.33333333333283
-85.50724637681097
-86.75496688741653
-86.53198653198586
-85.8657243816248
-86.15916955017236
-86.30136986301304
-87.3015873015866
-86.66666666666599
-86.30136986301304
-85.45454545454484
-87.53894080996812
-88.47262247838539
-87.53894080996812
-85.0187265917597
-87.34177215189801
-84.9056603773579
-86.0627177700342
-10.732775919732303
-82.99319727891091
-80.76923076923048
-83.12236286919781
-87.17948717948647
-85.0187265917597
-21.954406130268115
-85.45454545454484
-87.05501618122908
-66.54275092936848
-86.57718120805302
-85.50724637681097
-51.890034364262014
-30.08426966292146
-86.15916955017236
-86.66666666666599
-31.558935361216918
-89.76109215016986
-82.7586206896547
-85.66308243727536
-87.05501618122908
-84.84848484848426
-85.29411764705821
-88.20058997050072
-87.3015873015866
-87.98798798798724
-61.53846153846209
-85.91549295774584
-93.67088607594832
-93.50649350649246
-52.99937888198848
-86.75496688741653
-86.71096345514881
-87.65432098765359
-85.61151079136629
-85.50724637681097
-84.37499999999945
-87.87878787878714
-86.57718120805305
-82.93515358361736
-85.91549295774584
-82.45614035087655
-84.61538461538404
-87.01298701298631
-85.13011152416297
-87.53894080996812
-86.88524590163865
-85.50724637681097
-85.8657243816248
-85.91549295774584
-86.25429553264539
-86.9281045751627
-38.983050847458706
-77.85977859778578
-80.45602605863134
-84.79087452471425
-92.09486166007808
-40.809968847353005
-3.4712550607286694
-86.57718120805302
-85.55956678700299
-88.23529411764629
-66.56534954407336
-29.368029739776862
-64.85623003194924
-82.99319727891103
-84.61538461538404
-84.73282442748034
-85.55956678700299
-87.17948717948647
-32.384341637011715
-37.06293706293811
-66.24472573839708
-89.54703832752512
-73.91304347826028
-92.9328621908117
-93.92097264437584
-78.57142857142844
-92.45283018867826
-45.652173913044514
-87.22044728434433
-88.5057471264358
-93.127147766322
-38.46153846153853
-88.50574712643608
-74.35897435897438
-26.070038910505765
-51.428571428572454
-76.51006711409381
-86.44067796610067
-86.11111111111046
-32.6241134751783
-70.87378640776743
-84.9056603773579
-88.05970149253656
-86.44067796610103
-62.199312714777335
-61.16504854369018
-46.03174603174687
-86.62207357859477
-43.3333333333339
-51.219512195122526
-89.6907216494837
-89.13043478260795
-64.02877697841792
-87.13826366559415
-81.75182481751803
-86.20689655172347
-45.51282051282158
-65.62500000000094
-85.40145985401412
-53.488372093024026
-84.73282442748034
-92.72727272727172
-90.13157894736757
-94.15204678362466
-93.42105263157791
-37.716262975778825
-31.654676258992907
-86.57718120805302
-90.0332225913611
-87.01298701298631
-83.38870431893653
-93.65079365079261
-70.26022304832773
-84.8942598187307
-93.97590361445677
-92.4812030075178
-86.92810457516282
-86.97068403908726
-88.09523809523735
-83.22147651006668
-82.0895522388057
-85.61151079136636
-76.1904761904752
-92.4812030075178
-93.48534201954294
-73.68421052631608
-77.56410256410243
-85.91549295774587
-88.79551820728213
-79.16666666666562
-72.04968944099346
-35.15358361774849
-93.92097264437584
-86.39455782312871
-90.71207430340473
-92.09486166007808
-93.56913183279639
-42.17687074830035
-72.65624999999903
-34.48275862069068
-31.558935361216736
-84.96240601503703
-47.20496894409966
-92.2480620155029
-51.31086142322133
-82.87671232876609
-79.52218430034105
-93.24324324324222
-79.66101694915174
-55.47945205479492
-92.85714285714185
-42.95302013422837
-93.17406143344607
-93.00699300699199
-66.66666666666708
-74.72924187725546
-34.06593406593483
-30.147058823529576
-70.77922077922102
-77.01149425287367
-82.5783972125428
-81.27340823969938
-65.63573883161581
-93.15068493150582
-92.77978339350081
-82.51748251748225
-85.8657243816249
-68.05111821086263
-38.35616438356255
-46.76806083650296
-89.6907216494835
-57.8313253012059
-86.88524590163877
-37.06293706293734
-92.77978339350081
-39.29712460064003
-71.88755020080367
-46.61921708185122
-26.47058823529517
-90.32258064516041
-85.38011695906387
-86.57718120805313
-85.07462686567105
-48.61660079051426
-86.79867986798611
-85.96491228070111
-70.87378640776755
-93.46405228758066
-82.45614035087678
-33.79790940766581
-78.79858657243817
-83.05084745762649
-93.48534201954294
-75.46012269938642
-86.62207357859477
-85.96491228070111
-84.73282442748034
-86.71096345514881
-90.16393442622847
-86.39455782312824
-93.1972789115636
-72.97297297297285
-83.93574297188701
-82.51748251748205
-71.32616487455239
-92.42424242424144
-41.558441558442645
-87.87878787878697
-70.4918032786891
-54.37262357414497
-86.88524590163865
-84.73282442748034
-86.66666666666599
-87.6160990712067
-89.47368421052555
-79.79797979797968
-50.3311258278155
-80.58252427184432
-86.15916955017238
-82.26950354609886
-35.25179856115111
-81.27340823970006
-44.48222996515769
-87.91540785498415
-85.1851851851846
-83.10810810810767
-85.8156028368788
-87.42138364779802
-74.9103942652332
-47.16981132075574
-75.69444444444339
-89.54703832752537
-93.127147766322
-84.98498498498392
-70.00000000000016
-45.51282051282084
-93.48534201954294
-88.09523809523735
-72.0279720279725
-50.81967213114843
-66.29213483146117
-86.15916955017236
-67.39130434782666
-87.95180722891492
-42.675159235669724
-85.96491228070074
-87.91540785498415
-86.15916955017236
-86.97068403908726
-13.869971671388058
-82.81786941580708
-75.46012269938625
-93.127147766322
-93.31103678929662
-82.93515358361743
-86.0627177700342
-87.05501618122908
-85.5072463768111
-79.93311036789267
-87.42138364779802
-86.8852459016383
-84.61538461538404
-87.69230769230663
-86.0627177700342
-73.85620915032592
-13.978494623655632
-14.498141263940223
-93.50649350649246
-26.640926640926597
-84.02555910543079
-71.11913357400762
-86.15916955017236
-86.53198653198586
-85.50724637681097
-85.55956678700299
-88.26979472140687
-84.84848484848426
-70.68403908794771
-82.33215547703135
-62.585034013606
-47.368421052632584
-86.44067796610086
-82.39436619718265
-86.3945578231286
-78.57142857142833
-76.4309764309763
-80.31496062992092
-87.49999999999928
-86.44067796610103
-86.48648648648582
-87.13826366559415
-80.76923076922972
-82.26950354609886
-85.29411764705821
-84.22712933753888
-87.3015873015866
-81.06060606060569
-80.91603053435085
-92.4812030075178
-93.93939393939287
-52.2388059701496
-89.61937716262875
-69.04024767801806
-58.04195804195909
-83.22147651006662
-84.61538461538404
-87.53894080996812
-87.22044728434433
-93.10344827586104
-73.1543624161077
-82.5783972125433
-83.27759197324364
-80.62015503875871
-69.69696969697007
-85.8156028368788
-86.11111111111046
-85.55956678700299
-85.29411764705821
-84.84848484848426
-89.1304347826077
-72.78911564625845
-85.01872659175973
-86.11111111111046
-86.11111111111046
-83.76623376623324
-83.49834983498295
-80.91603053435038
-88.16568047337213
-88.505747126436
-87.22044728434433
-86.48648648648582
-85.45454545454484
-87.17948717948647
-86.84210526315721
-80.54474708171173
-72.97297297297304
-59.595959595960615
-80.5447470817117
-18.819188191882763
-87.13826366559415
-86.84210526315721
-60.13289036544931
-86.84210526315732
-83.12236286919781
-85.45454545454484
-60.5263157894743
-85.71428571428508
-85.8156028368788
-88.14229249011761
-87.01298701298631
-86.84210526315721
-86.11111111111046
-30.40293040293046
-72.60273972602751
-89.86486486486385
-77.6357827476038
-86.15916955017236
-85.91549295774584
-84.67432950191514
-87.09677419354769
-87.01298701298631
-86.30136986301304
-87.38170347003083
-81.54981549815457
-86.15916955017236
-56.67870036101142
-83.10810810810761
-84.9056603773579
-45.578231292517216
-85.40145985401398
-86.62207357859464
-92.95774647887222
-82.39436619718266
-86.11111111111046
-82.87671232876664
-81.13207547169773
-86.15916955017236
-85.40145985401398
-87.73006134969252
-10.9244755244755
-87.22044728434433
-60.84337349397693
-85.8156028368788
-87.09677419354769
-85.34798534798475
-86.97068403908726
-86.9281045751627
-85.02994011975984
-87.13826366559415
-85.1851851851846
-85.8156028368788
-71.87500000000044
-86.34812286689353
-11.764705882352635
-89.7959183673461
-36.87707641196057
-93.67088607594832
-93.3333333333323
-93.73040752350991
-83.38870431893655
-82.14285714285664
-86.34812286689353
-86.25429553264539
-84.37499999999945
-86.71096345514881
-81.88405797101413
-87.34177215189801
-85.66308243727536
-84.962406015037
-94.20289855072356
-93.46405228758066
-68.96551724137954
-59.24764890282206
-30.656934306569276
-93.74999999999895
-83.87096774193496
-93.86503067484557
-47.73519163763121
-76.11940298507358
-83.9999999999996
-60.85409252669144
-87.22044728434399
-36.454849498327846
-82.99319727891103
-92.18749999999903
-81.41263940520426
-82.93515358361732
-91.2536443148679
-53.02013422818841
-71.42857142857174
-35.593220338983265
-65.40880503144655
-84.89425981873048
-40.59405940594078
-93.127147766322
-1.9607843137253878
-59.8540145985412
-90.16393442622865
-52.554744525547925
-33.85214007782124
-31.654676258992776
-93.28859060402581
-70.03745318352121
-81.53846153846114
-56.6787003610118
-93.05555555555453
-32.384341637010834
-40.39735099337759
-89.76109215016962
-92.95774647887222
-92.9328621908117
-91.96787148594281
-92.95774647887222
-35.94306049822094
-84.67432950191527
-3.225806451612865
-51.55709342560657
-72.50859106529106
-85.07462686567118
-93.28859060402581
-93.1972789115636
-92.2779922779913
-38.90675241157659
-86.39455782312824
-86.44067796610103
-85.07462686567105
-85.1851851851846
-87.38170347003083
-84.67432950191514
-93.0313588850164
-87.01298701298597
-87.6160990712067
-85.66308243727536
-93.26599326599224
-30.90909090909088
-39.29712460064001
-28.813559322034983
-89.7610921501698
-66.44295302013325
-37.70491803278754
-89.43661971830905
-81.20300751879681
-84.4236760124605
-93.63057324840659
-93.74999999999895
-64.74358974359038
-84.70948012232358
-83.38870431893639
-86.20689655172349
-87.84194528875305
-83.66013071895372
-85.29411764705821
-82.33215547703135
-74.35897435897459
-86.15916955017236
-86.84210526315721
-85.13011152416297
-87.76758409785859
-86.84210526315721
-86.01398601398537
-86.79867986798611
-87.46081504702123
-86.97068403908726
-87.3015873015866
-85.61151079136629
-87.57763975155207
-87.65432098765359
-88.09523809523735
-83.7662337662333
-87.05501618122908
-82.45614035087681
-84.80243161094167
-84.12698412698359
-87.01298701298631
-86.34812286689353
-86.48648648648587
-73.24414715718956
-83.99999999999946
-87.65432098765359
-85.23985239852338
-67.27272727272786
-85.34798534798475
-86.20689655172349
-86.34812286689353
-83.38870431893638
-87.46081504702123
-86.75496688741653
-87.01298701298631
-87.22044728434433
-86.20689655172349
-83.67346938775458
-87.46081504702123
-82.7586206896547
-87.34177215189801
-87.73006134969252
-86.20689655172347
-81.75182481751783
-83.05084745762663
-89.1304347826077
-85.96491228070124
-85.76512455515952
-85.76512455515952
-85.71428571428508
-85.40145985401398
-84.73282442748034
-87.65432098765359
-85.71428571428508
-85.50724637681097
-88.02395209580763
-86.53198653198586
-85.34798534798475
-86.30136986301304
-9.331986531986523
-7.885185185185177
-9.248122866894189
-6.799999999999992
-10.277639751552787
-86.0627177700342
-93.44262295081863
-75.08896797153031
-9.14812286689419
-86.30136986301304
-10.354320987654313
-11.005797101449268
-8.806896551724131
-5.458620689655163
-9.612987012987006
-7.674626865671634
-7.035797665369643
-7.662406015037586
-7.5624060150375865
-9.131986531986524
-8.994557823129245
-9.366666666666658
-9.655016181229765
-8.107246376811586
-8.811111111111103
-8.859169550173002
-9.094557823129245
-7.885185185185177
-8.465724381625435
-6.535742971887542
-8.314285714285706
-9.310963455149494
-9.861146496815278
-7.315384615384607
-7.885185185185177
-8.263082437275978
-6.9749999999999925
-8.51549295774647
-8.906896551724131
-8.154545454545447
-6.306557377049174
-10.060815047021936
-7.505660377358483
-10.292307692307684
-8.465124555160134
-7.839852398523977
-10.330061349693244
-10.478787878787871
-9.69677419354838
-8.859169550173002
-6.826984126984119
-6.4398373983739745
-87.09677419354769
-10.001587301587294
-8.713986013986005
-9.812987012987005
-86.30136986301304
-85.0187265917597
-8.511510791366899
-8.664912280701747
-9.32207357859531
-8.71549295774647
-8.363082437275978
-8.71549295774647
-6.889723320158096
-9.059169550173001
-9.870684039087939
-9.231986531986523
-6.8637450199203105
-6.889723320158096
-9.79677419354838
-10.161146496815277
-9.094557823129245
-8.039852398523976
-7.3559845559845485
-9.410963455149494
-8.665724381625434
-9.186486486486478
-11.17262247838616
-8.363082437275978
-9.498679867986791
-10.93529411764705
-9.001369863013691
-10.241772151898726
-9.642105263157887
-10.592307692307683
-9.186486486486478
-8.862717770034836
-8.565724381625435
-9.231986531986523
-8.414285714285706
-9.231986531986523
-8.664912280701747
-7.255984555984549
-10.865680473372773
-7.7187265917602925
-10.277639751552787
-10.081703470031538
-8.463082437275977
-8.664912280701747
-87.26114649681458
-7.574329501915701
-7.939852398523977
-87.38170347003083
-8.906896551724131
-8.363082437275978
-9.410963455149494
-8.107246376811586
-7.885185185185177
-11.271428571428563
-8.762717770034836
-6.763745019920311
-9.628104575163391
-7.54848484848484
-10.578787878787871
-8.906896551724131
-9.231986531986523
-8.363082437275978
-9.981703470031539
-9.655016181229765
-9.981703470031539
-9.354966887417211
-10.515407854984886
-9.485245901639336
-9.086486486486478
-9.131986531986524
-9.779487179487171
-9.398679867986791
-8.3115107913669
-9.277181208053683
-9.231986531986523
-8.3115107913669
-8.04798534798534
-9.79677419354838
-10.972093023255807
-8.415602836879426
-8.054545454545448
-8.859169550173002
-8.994557823129245
-10.021383647798734
-9.310963455149494
-9.901587301587295
-8.759169550173002
-10.199999999999992
-8.854295532646042
-9.442105263157888
-8.04798534798534
-8.901369863013691
