-8.008591065292043
-8.813986013986005
-8.514285714285705
-5.778397212543544
-8.714285714285705
-2.847368421052625
-9.431986531986523
-5.7174825174825035
-86.0627177700342
-14.643708609271485
-23.8428571428571
-19.01538461538459
-84.6153846153841
-84.40655737704981
-72.48859315589402
9.283870967741922
-69.44600638977684
-70.14925373134352
-86.30136986301304
-86.34812286689353
-40.28859315589351
-85.0187265917597
-85.96491228070111
-86.01398601398537
-86.9281045751627
-86.34812286689353
-86.15916955017236
-86.01398601398537
-86.9281045751627
-85.13011152416297
-86.48648648648582
-86.62207357859464
-83.27759197324366
-88.09523809523735
-84.82197802197857
-11.138681948424061
-9.410963455149494
-85.91549295774584
-21.666666666666544
-2.545017182130568
-6.817981072555176
-30.258490566037654
-1.5191335740072276
22.305280528052748
-85.13011152416297
-86.66666666666599
-78.41726618705019
-17.02068965517232
-68.53146853146889
-36.877076411960545
-81.61764705882312
-92.15686274509707
-78.79858657243797
-85.29411764705826
-86.84210526315687
-52.83018867924561
-50.70422535211356
-84.27672955974771
-54.983922829582546
-68.35443037974746
-78.49462365591297
-53.524812030075374
-45.68690095846673
-69.46564885496207
-75.35211267605627
-70.47970479704827
-27.89968652037635
-34.54545454545456
-68.53146853146923
-92.75362318840479
-54.838709677420404
-20.18924731182797
-76.19047619047608
-83.81877022653669
-73.42192691029868
-82.51748251748201
-93.24324324324222
-66.99669966996743
-51.557093425606006
-87.05501618122919
-89.36170212765882
-56.20437956204485
-90.09900990098926
-77.94117647058829
-86.79867986798618
-74.72924187725658
-58.33333333333379
-50.86705202312185
-47.530864197531216
-48.9795918367355
-42.56756756756792
-84.49612403100677
-86.62207357859427
-72.76264591439728
-51.0489510489521
-77.34627831715198
-65.27777777777828
-45.337620578779166
-82.87671232876671
-83.87096774193496
-62.96296296296401
-66.15384615384666
-47.852760736197354
-82.39436619718266
-79.3103448275861
-81.77272727272782
-81.41263940520413
-65.90909090909147
-53.99597069597094
-80.06644518272394
-44.444444444444805
-87.13826366559383
-72.30769230769275
-80.84291187739427
-86.62207357859427
-92.53731343283484
-68.75000000000037
-19.311764705882286
-69.69696969697006
-71.70000000000043
-45.5252918287948
-85.34798534798487
-48.000000000000405
-62.40601503759503
-51.612903225807
-57.79220779220879
-92.33716475095687
-77.12418300653601
-74.1697416974171
-45.52529182879454
-81.94945848375427
-78.87323943661946
-89.7260273972595
-67.74193548387176
-87.13826366559415
-58.9892473118285
-80.26315789473657
-73.83720930232559
-93.8837920489286
-77.84810126582262
-82.81786941580714
-84.07643312101858
-84.12698412698359
-56.13655913978584
-77.44360902255599
-86.3945578231286
-83.10810810810761
-66.80497925311273
-89.09090909090808
-52.89855072463867
-92.72727272727172
-85.45454545454444
-85.45454545454484
-93.10344827586104
-93.26599326599224
-89.51048951048874
-40.397350993377685
-82.20640569394975
-92.90780141843871
-84.27672955974737
-78.19314641744553
-39.102564102564955
-50.75757575757678
-76.28458498023724
-45.762711864407336
-82.20640569394973
-74.02597402597402
-83.1081081081078
-92.67399267399168
-92.90780141843871
-92.9328621908117
-92.45283018867826
-92.95774647887222
-92.0634920634911
-92.75362318840479
-92.95774647887222
-92.36641221373948
-92.77978339350081
-93.86503067484557
-92.619926199261
-93.50649350649246
-93.10344827586104
-103.72207357859443
-7.996124031007742
-64.05228758170026
-40.39966555183949
-87.3015873015866
-73.88059701492497
-92.75362318840479
-48.52941176470626
-90.7120743034047
-93.76947040498337
-93.56913183279639
-11.864406779660728
-94.04761904761797
-81.92771084337329
-93.97590361445677
-79.23875432525948
-89.65517241379207
-92.2779922779913
-93.37748344370758
-93.10344827586104
-93.22033898304981
-91.99999999999903
-92.50936329587915
-93.24324324324222
-89.28571428571344
-92.85714285714185
-92.98245614034987
-93.17406143344607
-93.0313588850164
-93.37748344370758
-92.90780141843871
-93.35548172757372
-93.54838709677315
-94.06528189910873
-93.99399399399293
-93.15068493150582
-92.09486166007808
-92.72727272727172
-93.15068493150582
-92.95774647887222
-93.46405228758066
-92.45283018867826
-93.50649350649246
-93.37748344370758
-92.88256227757907
-91.70124481327706
-93.80804953560265
-92.64705882352841
-93.31103678929662
-92.98245614034987
-92.95774647887222
-93.61022364217148
-92.80575539568244
-92.4812030075178
-93.50649350649246
-92.67399267399168
-93.86503067484557
-92.95774647887222
-92.95774647887222
-81.88405797101417
-93.22033898304981
-92.56505576208079
-93.22033898304981
-93.42105263157791
-94.20289855072356
-92.98245614034987
-93.22033898304981
-92.67399267399168
-93.31103678929662
-92.36641221373948
-92.09486166007808
-92.2779922779913
-50.53003533569013
-74.60317460317472
-92.77978339350081
-93.127147766322
-93.15068493150582
-93.17406143344607
-92.53731343283484
-92.39543726235644
-94.16909620991146
-93.127147766322
-93.44262295081863
-92.9328621908117
-93.17406143344607
-92.42424242424144
-91.80327868852363
-93.31103678929662
-93.26599326599224
-37.03703703703708
-92.98245614034987
-92.90780141843871
-71.33757961783334
-87.69230769230698
-76.58862876254167
-92.75362318840479
-50.65789473684304
-76.43097643097659
-93.61022364217148
-81.76291793313051
-38.405797101449416
-92.83154121863699
-93.65079365079261
-90.06622516556207
7.692307692307972
-65.41786743515914
-93.65079365079261
-92.56505576208079
-93.1972789115636
-92.75362318840479
-93.69085173501472
-93.00699300699199
-93.39933993399237
-93.48534201954294
-92.9328621908117
-92.2779922779913
-93.71069182389832
-93.80804953560265
-92.83154121863699
-92.88256227757907
-93.67088607594832
-93.58974358974254
-89.76109215016962
-55.55555555555661
-93.35548172757372
-93.10344827586104
-93.31103678929662
-93.17406143344607
-93.10344827586104
-92.36641221373948
-93.65079365079261
-92.619926199261
-92.80575539568244
-94.15204678362466
-93.93939393939287
-93.48534201954294
-92.80575539568244
-93.44262295081863
-92.9328621908117
-92.77978339350081
-93.48534201954294
-92.83154121863699
-92.72727272727172
-92.75362318840479
-92.67399267399168
-93.58974358974254
-93.39933993399237
-93.17406143344607
-92.77978339350081
-93.3333333333323
-92.95774647887222
-93.84615384615279
-94.11764705882246
-93.10344827586104
-93.65079365079261
-93.28859060402581
-92.2779922779913
-93.44262295081863
-93.28859060402581
-93.35548172757372
-92.53731343283484
-93.15068493150582
-92.95774647887222
-92.9328621908117
-93.17406143344607
-94.26934097421095
-93.42105263157791
-92.619926199261
-93.00699300699199
-93.42105263157791
-92.95774647887222
-91.8367346938766
-94.16909620991146
-93.31103678929662
-93.74999999999895
-93.67088607594832
-93.61022364217148
-92.4812030075178
-93.71069182389832
-93.26599326599224
-93.0795847750855
-92.75362318840479
-93.74999999999895
-92.75362318840479
-92.80575539568244
-92.67399267399168
-93.44262295081863
-94.13489736070274
-93.46405228758066
-92.2480620155029
-92.9328621908117
-92.75362318840479
-93.74999999999895
-91.8367346938766
-92.98245614034987
-92.95774647887222
-93.15068493150582
-93.1972789115636
-93.31103678929662
-93.92097264437584
-92.56505576208079
-93.10344827586104
-93.3333333333323
-92.2779922779913
-93.17406143344607
-93.97590361445677
-93.71069182389832
-93.35548172757372
-93.10344827586104
-92.88256227757907
-93.0795847750855
-94.11764705882246
-93.05555555555453
-93.22033898304981
-93.22033898304981
-92.77978339350081
-92.619926199261
-92.64705882352841
-93.127147766322
-93.24324324324222
-93.42105263157791
-93.37748344370758
-93.56913183279639
-93.0795847750855
-93.22033898304981
-92.45283018867826
-92.45283018867826
-92.619926199261
-93.61022364217148
-93.56913183279639
-93.67088607594832
-94.06528189910873
-93.48534201954294
-93.63057324840659
-93.52750809061384
-92.9328621908117
-93.93939393939287
-93.44262295081863
-92.30769230769133
-93.73040752350991
-91.56118143459821
-93.63057324840659
-93.24324324324222
-93.0313588850164
-92.83154121863699
-92.39543726235644
-92.2779922779913
-92.83154121863699
-91.80327868852363
-93.63057324840659
-93.35548172757372
-92.77978339350081
-92.39543726235644
-93.37748344370758
-93.0795847750855
-92.75362318840479
-38.983050847458706
-82.81786941580702
-90.65420560747575
-77.77777777777676
-23.0325581395349
-93.0795847750855
-93.37748344370758
-93.00699300699199
-93.05555555555453
-93.56913183279639
-92.98245614034987
-94.04761904761797
-91.73553719008174
-93.15068493150582
-87.05501618122908
-93.78881987577535
-71.8750000000005
-92.45283018867826
-93.00699300699199
-93.37748344370758
-91.93548387096678
-92.85714285714185
-92.80575539568244
-92.7007299270063
-93.10344827586104
-58.99053627760356
-69.89966555183975
-93.50649350649246
-64.74358974359075
-92.619926199261
-93.127147766322
-92.67399267399168
-45.392491467577166
-89.32384341636929
-93.80804953560265
-93.28859060402581
-93.05555555555453
-93.78881987577535
-88.929889298892
-52.89855072463872
-93.22033898304981
-51.8900343642617
-82.51748251748208
-68.3098591549303
-87.34177215189804
-85.13011152416257
-93.58974358974254
-72.97297297297324
-73.91304347825975
-61.67247386759682
-56.92307692307794
-93.22033898304981
-90.56603773584823
-86.30136986301316
-93.95770392749138
-39.189189189189925
-33.579335793358304
-93.35548172757372
-82.63888888888785
-93.42105263157791
-92.85714285714185
-89.76109215016982
-93.22033898304981
-93.26599326599224
-93.22033898304981
-35.48387096774219
-93.127147766322
-93.0795847750855
-93.127147766322
-93.65079365079261
-92.67399267399168
-92.619926199261
-82.99319727891127
-92.83154121863699
-93.10344827586104
-92.72727272727172
-92.21789883268384
-40.19933554817381
-70.77922077922138
-93.71069182389832
-43.12764505119499
-40.14084507042353
-94.49035812672066
-92.7007299270063
-82.45614035087618
-75.70850202429104
-93.56913183279639
-68.85813148788937
-94.2857142857132
-87.01298701298597
-93.50649350649246
-78.6476868327394
-55.37981651376252
-37.06293706293734
-88.80597014925296
-45.84837545126392
-17.647058823529317
-93.28859060402581
-93.50649350649246
-92.53731343283484
-93.69085173501472
-93.24324324324222
-92.72727272727172
-92.83154121863699
-93.127147766322
-67.42671009772067
-39.28571428571536
-34.48275862069015
-54.69255663430467
-68.35443037974741
-67.10526315789495
-92.5925925925916
-93.28859060402581
-71.9298245614037
-79.93311036789262
-93.0795847750855
-93.61022364217148
-93.00699300699199
-66.6666666666672
-75.0778816199378
-76.28458498023703
-59.86622073578663
-82.87671232876666
-92.7007299270063
-89.13043478260788
-64.70588235294083
-93.31103678929662
-86.53198653198592
-37.500000000001094
-92.09486166007808
-88.84758364312188
-84.06374501991979
-89.32384341636934
-36.8029739776962
-93.0313588850164
-60.12269938650398
-45.875000000000654
-93.50649350649246
-91.86991869918603
-76.19047619047561
-74.93036211699176
-92.9328621908117
-45.84837545126456
-61.13074204947104
-48.63013698630208
-51.456310679612365
-75.94501718213012
-77.19869706840379
-93.80804953560265
-92.2779922779913
-86.84210526315687
-75.60975609756048
-49.09090909090975
-82.63888888888836
-94.236311239192
-92.88256227757907
-94.11764705882246
-86.25429553264502
-92.77978339350081
-92.67399267399168
-47.72101910828123
-71.75141242937822
-91.70124481327706
-60.39603960396146
-85.50724637681114
-20.15209125475289
-61.13074204947104
-48.1636363636368
-83.92282958199276
-76.51006711409389
-93.31103678929662
-62.546816479401784
-30.402930402931425
-89.76109215016962
-39.68253968254073
-93.17406143344607
-89.28571428571354
-78.94736842105236
-92.7007299270063
-76.33136094674555
-83.49834983498317
-89.28571428571348
-85.76512455515913
-63.70967741935562
-40.25157232704442
-47.040498442368616
-71.69811320754742
-89.61937716262892
-93.80804953560265
-93.26599326599224
-92.42424242424144
-65.64885496183277
-92.85714285714185
-77.44360902255622
-93.1972789115636
-82.87671232876683
-90.06622516556212
-37.0629370629377
-52.218430034130705
-92.39543726235644
-76.89768976897705
-77.41935483870901
-89.05109489050994
-54.198473282443686
-93.69085173501472
-92.77978339350081
-74.16974169741695
-79.09407665505125
-93.8837920489286
-93.05555555555453
-18.8191881918825
-85.16320474777392
-76.74418604651154
-93.71069182389832
-74.54545454545452
-83.16498316498269
-93.24324324324222
-90.1960784313717
-93.46405228758066
-9.090909090908765
-74.35897435897436
-78.57142857142848
-88.76404494381944
-41.82105263157893
-85.81560283687868
-90.06622516556207
-93.3333333333323
-92.33716475095687
-92.77978339350081
-46.80851063829886
-86.53198653198575
-81.13207547169779
-92.42424242424144
-77.7777777777773
-92.45283018867826
-93.15068493150582
-79.45205479452031
-26.73992673992776
-92.36641221373948
-93.17406143344607
-92.95774647887222
-42.57692307692384
-29.0960474308298
-84.73282442747994
-72.78911564625892
-93.37748344370758
-31.81818181818227
-78.85196374622265
-77.46478873239428
-77.19869706840402
-82.5174825174821
-76.83397683397669
-80.06644518272392
-61.93771626297666
-94.3661971830975
-92.72727272727172
-52.80235988200692
-29.577464788732332
-90.41533546325796
-48.45360824742326
-55.12820512820619
-82.75862068965489
-38.84892086331037
-41.58075601374672
-43.01994301994377
-85.34798534798487
-56.65634674922706
-36.6197183098592
-42.371477663230415
-93.80804953560265
-92.5925925925916
-91.07142857142772
-92.67399267399168
-12.45791245791214
-88.88888888888789
-86.0139860139852
-18.215613382900283
-90.88145896656428
-77.77777777777784
-73.85620915032713
-58.955223880598034
-89.79591836734616
-92.90780141843871
-73.941368078176
-89.86486486486403
-92.67399267399168
-85.66308243727538
-23.383333333333344
-46.236559139785165
-39.501779359431424
-82.20640569394916
-48.484848484849536
-31.297709923665177
-89.36170212765882
-45.01718213058495
-36.02562277580045
-92.7007299270063
-89.83050847457548
-92.9328621908117
3.9426523297491065
-89.89898989898906
-27.710843373494
-33.06690391459047
-88.97058823529338
-73.24414715719104
-93.54838709677315
-48.6404833836862
-70.49180327868781
-25.23020134228189
-31.50684931506947
-12.499999999999773
-40.520446096655306
-43.88772563176904
-92.80575539568244
-93.24324324324222
-68.65203761755446
-89.36170212765856
-92.36641221373948
-61.13074204947068
-87.42138364779791
-41.33883495145665
-90.09900990098926
-41.558441558442425
-86.53198653198598
-32.43243243243347
-84.18972332015758
-53.57142857142958
-86.01398601398547
-84.25196850393604
-76.53958944281499
-71.42857142857159
-56.95364238410703
-19.028340080972686
-93.10344827586104
-83.97435897435861
-94.3661971830975
-34.27483443708584
-89.86486486486407
-90.1960784313715
-63.85542168674762
-72.78911564625864
-35.810810810811425
-64.91228070175536
-80.26315789473583
-54.5454545454556
-92.90780141843871
-32.62411347517818
-38.46153846153924
-47.36842105263262
-74.91039426523308
-64.15770609319
-81.94945848375409
-71.53024911032026
-86.44067796610067
-44.44444444444544
-73.33333333333337
-36.488198757763804
-85.07462686567106
-75.6838905775065
-88.188976377952
-72.64437689969603
-93.90243902438918
-67.15328467153341
-22.641791044776134
-79.31034482758592
-74.52229299362958
-75.07788161993797
-92.90780141843871
-79.52218430034085
-93.99399399399293
-73.77049180327904
-87.09677419354736
-90.38461538461452
-93.10344827586104
-81.94945848375427
-88.50574712643606
-51.21951219512304
-34.85342019544036
-36.1702127659585
-78.8732394366197
-42.23826714801467
-21.568627450980166
-45.71642228739006
-37.500000000000696
-63.076923076923705
-40.59405940594118
-74.52229299362952
-46.84385382059869
-36.454849498328436
-67.27272727272765
-64.28571428571523
-90.62499999999916
-60.91205211726492
-93.1972789115636
-40.872549019607746
-74.91039426523294
-93.15068493150582
-53.40501792114798
-16.95501730103789
-81.88405797101426
-82.99319727891121
-56.081081081082125
-90.3536977491951
-87.3015873015867
-55.39033457249146
-33.29292929292903
-88.26979472140695
-87.30158730158665
-65.07936507936604
-74.35897435897468
-91.8367346938766
-82.99319727891094
-76.3513513513513
-72.78911564625857
-49.64028776978495
-92.98245614034987
-53.48837209302421
-47.36842105263262
-68.45425867507944
-44.80519480519585
-60.15936254980128
-31.034482758621667
-44.444444444444635
-67.15328467153185
-6.35451505016708
-74.82014388489159
-46.48829431438233
-56.52173913043582
-93.00699300699199
-41.17647058823629
-36.567164179105426
-90.0332225913611
-85.07462686567065
-28.592307692307607
-80.3921568627448
-87.73006134969219
-65.98639455782403
-40.14084507042353
-93.05555555555453
-76.19047619047625
-53.26927899686597
-50.33112582781558
-29.53020134228291
-83.33333333333232
-90.4761904761896
-92.95774647887222
-10.112359550561488
-57.57575757575863
-80.15873015872985
-60.12269938650411
-93.73040752350991
-92.80575539568244
-77.34627831715221
-93.74999999999895
-58.80149812734186
-93.56913183279639
-40.95940959409624
-61.937716262976814
-64.74358974359075
-89.39929328621807
-50.61728395061832
-89.16967509025172
-93.05555555555453
-85.0187265917593
-78.18181818181807
-52.55474452554788
-67.42671009772046
-79.88505747126426
-54.225352112677
-63.76811594202923
-86.2068965517231
-34.15637860082391
-52.5222551928794
-93.0795847750855
-40.39735099337794
-44.26229508196794
-92.9328621908117
-93.15068493150582
-92.9328621908117
-29.071428571428374
-33.33333333333438
-93.17406143344607
-88.8475836431219
-57.80590717299636
-76.74418604651065
-93.95770392749138
-89.9665551839457
-85.6115107913659
-93.22033898304981
-76.66666666666652
-93.54838709677315
-81.94945848375423
-93.17406143344607
-86.57718120805289
7.692307692307908
-75.35211267605563
-80.84291187739395
-36.87707641196112
-93.15068493150582
-77.85977859778578
-33.08772563176874
-93.65079365079261
-92.95774647887222
-92.95774647887222
-93.1972789115636
-69.92481203007554
-87.80487804877981
-54.86111111111186
-89.43661971830905
-27.913559322033883
-67.1052631578943
-58.333333333334394
-50.53003533569002
-74.52229299362975
-60.71428571428676
-20.138888888889237
-93.127147766322
-92.95774647887222
-26.121052631578948
-64.41281138790112
-35.59322033898345
-44.82758620689756
-90.3536977491951
-54.38596491228136
-92.9328621908117
-39.06810035842322
-75.2321981424138
-87.38170347003094
-73.7827715355806
-85.96491228070111
-86.3945578231286
-93.58974358974254
-91.18942731277441
-93.31103678929662
-58.550306748467285
-46.30872483221548
-92.98245614034987
-12.162162162161954
-38.83623188405815
-61.53846153846255
-16.996047430829876
-84.02555910543042
-44.23791821561429
-65.83850931677091
-40.397350993378325
-82.6989619377155
-11.877394636015167
-74.99999999999895
-25.513559322033906
-92.39543726235644
-93.31103678929662
-92.45283018867826
-89.47368421052555
-12.547528517110031
-93.8271604938261
-73.59735973597387
-33.333333333333805
-80.06644518272412
-70.37037037036934
-32.453943217665426
-40.83883495145662
-93.52750809061384
