-31.791304347826312
-8.10145985401459
-6.7709677419354755
-8.994557823129245
-8.759169550173002
-8.154545454545447
-85.5072463768111
-86.15916955017236
-19.372049689440956
-82.81786941580708
-83.92282958199304
-82.26950354609892
-11.538192419825064
-86.71096345514881
-81.34328358208916
-83.38870431893639
-87.26114649681458
-86.34812286689353
-86.0627177700342
-86.14958448753394
-96.07255520504688
-86.79867986798611
-94.67643312101893
-85.0187265917597
-86.20689655172349
-88.05970149253656
-85.07462686567105
-84.37499999999945
-86.15916955017236
-84.37499999999945
-30.68498168498162
-86.84210526315721
-85.8657243816248
2.045643153526978
-4.2904761904761735
-1.8999999999999773
7.5285714285714675
-11.026018808777408
-26.533333333333303
-79.3510324483773
-79.7979797979795
-87.91540785498415
-86.48648648648587
-96.99196141479067
-9.331986531986523
-10.217869415807536
-86.9281045751627
-82.93515358361726
-54.72119205298041
-86.66666666666599
-85.50724637681097
-81.13207547169762
-62.457337883959596
-47.368421052631945
-43.06049822064099
-33.77483443708677
-60.13289036544903
-83.3333333333329
-61.29032258064604
-69.04024767801889
-50.17793594306146
-78.1021897810218
-73.59735973597392
-2.6523297491038633
14.618611987381627
34.49922480620101
27.165758754863738
3.2324324324322937
-49.39646643109586
376.74370860927166
20.24969325153355
-53.12225519287886
20.324137931034414
-52.218430034130435
-87.13826366559415
-84.962406015037
-87.98798798798724
-85.61151079136629
-87.13826366559415
-80.26315789473651
-87.01298701298631
-93.74999999999895
-84.79087452471425
-85.1851851851846
-86.79867986798611
-84.32601880877671
-83.71335504885941
-87.38170347003083
25.306172839506125
36.929133858267626
-3.081818181818168
-83.87096774193496
-87.05501618122908
-86.57718120805302
-86.15916955017236
-18.522184300341245
4.268531468531432
-4.156250000000012
-32.14285714285797
-93.8837920489286
-93.99399399399293
-93.35548172757372
-92.9328621908117
-81.75182481751803
-81.13207547169773
-79.7979797979795
-28.571428571429404
45.761111111111006
91.33574007220676
-68.39080459770162
-29.712460063898586
81.87142857142878
-23.357664233577484
-74.54545454545459
-27.58620689655253
-30.92105263157975
-29.292929292930086
125.37692307692384
25.51739130434762
129.39068100358926
-49.367088607595754
-40.19933554817358
-35.275080906149675
244.20289855071422
-48.453608247423496
-25.490196078432117
33.083737024221406
71.62416356877361
-32.90734824281232
-36.87707641196095
31.57627118644038
335.30841750841523
480.5369127516674
-53.068592057762544
102.39613899613936
74.64848484848503
-42.492012779553534
-59.85401459854097
71.52103559871045
71.05263157895212
-21.146953405018383
127.53893129771049
-55.8823529411773
-36.170212765958276
30.79822064056932
32.573063973063896
-37.03703703703787
37.52452830188672
34.79051094890615
-22.936305732484687
35.1896321070233
118.70000000000067
26.39452054794515
-48.24316546762647
26.442857142857072
16.971794871794827
-62.5668449197869
40.09118773946399
10.74379562043756
1.2026402640263925
-73.68421052631592
39.324528301886744
74.10512820512946
22.312903225806394
28.738028169014058
45.40000000000029
-18.03278688524615
128.9689895470397
31.210526315789437
-1.7462783171520933
17.183625730994088
234.20866425992875
42.14624505928847
-12.751677852348967
31.885714285714165
-16.030534351145047
-38.837920489297446
115.56258503401392
-19.01408450704245
196.93494809688673
248.92380952381023
-1.14068441064569
199.0190476190483
124.30350877193018
37.83582554517128
-33.753943217666404
39.00726072607247
46.43937282229969
-29.447852760736982
160.3552238805979
21.15901639344255
108.15714285714324
286.0459119496829
-31.03448275862149
308.891166077737
281.8349834983502
35.851090342679
-3.2604651162796046
50.05977011494258
-21.933085501859157
114.27064846416422
337.95620437954767
90.55081967213137
-16.66666666666674
99.20000000000108
76.41111111111135
-73.18007662835267
31.714184397163187
-9.090909090908731
14.369841269841245
-13.385826771653422
-17.968750000000437
51.53333333333347
30.120477815699623
36.681818181818066
27.74233576642299
36.71794871794854
110.10447761194251
48.38081180811827
44.48669201521295
37.803908794788185
33.37235494880528
116.53357664233687
24.74193548387072
154.99122807017588
97.13333333333368
15.913455657492328
-79.59183673469359
72.61335740072252
87.28494623656033
30.224567474048158
-27.152317880795547
46.73851590106011
-74.82014388489213
-25.67567567567649
-24.187725631769755
-42.66417445482932
-28.813559322034752
2.406600660065429
44.89999999999999
99.9571428571435
96.98494623655986
102.96027397260357
35.41666666666647
-32.69230769230851
106.29530201342334
-74.68354430379755
19.249999999999652
71.00434782608693
10.103630363036274
-32.379746835443676
-35.11450381679472
52.90891089108945
-22.577053824363166
79.41079136690658
0.6410256410256423
-12.280701754385895
-12.337662337662406
-8.12720848056516
-8.127208480565061
204.00000000000074
44.31794871794868
50.95000000000002
58.59591836734705
-25.000000000000814
-22.848664688428
131.71304347826134
-6.2499999999998295
17.336363636363608
40.35341246290773
211.63835125448054
37.211960132890184
-14.754098360655787
107.92679738562143
61.80924092409242
315.45238095238
17.717687074829904
209.65016077170478
342.3673992673982
76.49588477366265
105.27782101167341
-63.210702341137946
100.89787234042589
112.65986394557848
0.16140350877192944
1.5780730897009967
11.613432835820873
6.990134529147969
1.7666666666666622
0.4226950354609933
-77.27272727272714
77.72177121771617
68.25955056179859
10.471223021582716
119.35573770491854
96.35797101449299
-4.109589041095292
0.35842293906895895
-16.923076923077208
40.94444444444438
217.00368098159547
123.4000000000004
146.83481781376585
108.37913669064784
34.28028169014082
177.30975609756186
36.212624584720345
96.57507987220478
102.87931034482813
152.8517241379316
151.22033898305122
27.906976744188633
239.114285714287
-25.423728813560157
258.3106382978735
121.59376947040568
-41.35802469135884
14.511960132889847
-46.87500000000081
-32.38434163701149
-32.47588424437378
-25.795053003534424
56.04232209737832
-41.55844155844238
47.27041800643089
56.4309352517986
53.53333333333333
-10.360627177700666
-79.45205479452028
3.6789297658873945
55.306382978723434
-23.588039867110215
26.245847176082123
72.88065843621408
64.32238805970154
53.73333333333335
12.676056338029714
117.5151815181521
95.44487632509095
310.5411985018727
57.619298245614075
57.3727272727273
78.06563573883177
97.49283276450532
53.00254777070066
127.77455197132656
55.89271523178812
109.45714285714297
52.067213114754125
84.86384364820867
34.679012345680064
67.17626459143975
-9.374999999999696
171.9629629629638
103.00071684587833
77.75492957746489
64.4990990990993
306.01637630661975
63.22517985611516
84.19718309859168
50.33937282229965
80.1537906137193
120.7513011152422
8.10810810810934
64.08668730650666
49.23945578231401
115.45072463768122
37.26097560975727
1.9108280254786574
63.49473684210534
12.956810631230772
60.13795620438128
155.17241379310826
196.5246006389775
277.3594684385399
204.05762711864472
115.81060070671444
244.5393442622933
104.41386138613892
69.62753623188652
114.5110410094689
98.20418118466908
75.07164179104545
120.16131687243103
242.8453531598518
58.14212454212665
261.6603773584908
103.23766233766388
279.62962962961484
-49.008498583570166
317.7943262411346
135.09411764705933
71.08648648648703
12.318840579711607
209.67963525835964
109.53071895424961
27.906976744188647
135.69457364341153
118.9542483660183
342.93636363635903
-23.038993710692022
116.20509554140241
111.35454545454573
162.64719101123632
189.71962616822677
65.49278350515509
116.52857142857286
77.32713178294584
300.4729729729728
105.0615384615386
214.487632508829
66.68494623656154
194.31438127090448
384.2762057877758
228.76712328766294
241.4975088967979
49.00662251656043
410.02865329511576
326.266920152075
94.9540880503152
63.04412811387941
99.01812080537086
39.68253968254176
193.09436619718383
52.10355987055451
120.8317073170742
-7.649999999999979
225.92727272727385
-24.6827715355805
108.27883817427406
84.26164383561758
127.13864306785152
70.25220125786254
53.8461538461582
34.48275862069272
928.1999999999922
263.07692307690905
-0.3322259136204874
-9.999999999999728
195.4640449438212
151.3744479495273
-79.38144329896879
123.49090909090935
73.20261437909002
-78.1021897810217
-80.8306709265172
-78.49462365591377
-79.7979797979795
365.75342465751737
334.77380073800714
203.5210526315792
254.03726708072867
137.63344051446964
-13.580246913580217
-79.66101694915224
215.85675675675748
233.5677852348997
150.20655021834156
57.88201438849255
-81.53846153846114
186.83721682847946
135.22857142857174
78.54210526315794
203.00431654676345
78.29457364341599
56.585714285714275
201.41453287197268
218.55847176079848
-83.16498316498267
-81.13207547169773
263.39230769230767
69.06474820144399
-80.19801980197987
214.39393939393332
334.1416370106756
175.00000000000506
-13.432835820895448
238.22222222222354
-9.090909090908816
288.44303797468353
55.93220338983499
181.53127147766347
22.22972972973112
72.65343511450386
201.9382165605101
94.9084805653711
41.14114114114076
170.5788321167892
166.92046204620496
-0.3558718861201382
3.8062283737034788
278.5191126279862
258.2700729927014
60.90909090909092
67.93893129771502
213.97837837837906
136.4171717171721
412.5202614379065
174.48571428571458
275.73910034602073
361.98501872659085
185.0729729729735
181.2691029900339
76.92907801418453
180.21921921921998
4.79041916167767
504.67878787877873
227.82733118971126
29.629629629632177
86.42424242424246
82.53968253968787
105.42635658915242
245.75223880597048
34.751773049648556
534.8130111524124
282.38695652173914
378.30447761193835
201.9390581717448
279.5379537953638
430.24911032026785
288.888888888872
205.14705882352635
55.47703180212456
525.3357933579322
350.7042253520959
276.63201320132015
204.02930402930104
233.86206896551818
274.4267605633798
18.380062305297876
174.2474916388015
209.65824915825
234.7157894736845
41.84397163120933
385.6985915492954
226.27385620915115
265.52049469964675
78.72340425532425
305.2208633093521
508.93257328989876
128.70038022813733
42.848407643312036
197.02307692307724
113.62229102167711
239.74556962025417
111.03816793893157
241.62972136222982
302.17391304346097
99.85294117647072
70.9250000000001
845.525291828778
305.4272727272716
643.3546468401429
197.94520547945146
36.20071684588119
168.70748299320192
288.85814696485613
911.8999999999902
81.28823529411792
125.87050359712265
177.2568862275456
233.3333333333238
180.70175438596917
196.55172413793187
390.340716612376
112.18682170542667
365.1087591240876
210.86142322097015
64.06250000000512
295.27027027025724
217.91404682274342
212.67894736842138
292.2826771653549
184.76666666666733
44.654088050318265
551.7241379310167
239.81428571428535
-27.08333333333415
253.14129692832768
860.9444444444365
198.60632911392503
215.8550295857999
379.6780141843966
170.2909090909096
259.87523510971835
217.44125874125916
277.55102040814666
269.7983164983168
181.55339805825705
293.16083916083943
302.86423357664336
454.179566563456
72.4137931034532
194.7368421052632
337.28235294117655
342.86619718309873
272.99824561403454
297.4487179487182
228.0725075528673
450.99300699300585
288.64329896906236
230.95856697819406
568.0129449838124
208.8012269938653
166.53333333333381
17.84511784511966
29.032258064518643
79.57746478873759
241.5586206896553
33.093525179858986
538.4275862068814
198.30508474576263
240.9030303030305
19.741100323626533
63.33333333333834
261.1111111110949
247.65624999998442
209.10000000000102
223.7545454545457
17.021276595746542
66.66666666667197
251.63483146067404
472.363568773232
11.913357400723479
235.71034482758634
47.15719063545557
247.65714285714353
-1.8987341772145048
196.17834394904511
338.4701195219112
195.74954682779514
5.802047781571158
201.03806228373617
76.97193675889349
180.87213114754158
217.34317343172754
516.1545454545387
304.50225563909805
184.292307692308
99.21270903010131
210.11290322580672
168.88217522659107
302.86981132075397
32.2939393939393
301.1503496503493
104.50830449827005
38.686131386864474
40.74074074074432
419.99090909089847
241.17647058822186
28.406060606060514
130.38237547892754
32.737062937062845
229.92706270627096
68.96789297658935
243.31929824561394
777.8929824561253
250.66666666666725
216.0455696202555
316.4369636963691
210.1045296167205
213.29113924050318
219.52727272727404
369.46043165467387
15.151079136690335
102.47933884298027
682.2986301369773
27.450759878419362
-7.0983498349834875
99.94545454545478
228.3864406779666
598.9103448275781
199.09365558912486
27.29999999999984
54.79876160991157
35.47588652482258
244.20289855071064
70.73170731707823
31.31694915254227
32.40424028268539
363.4146341463243
13.355555555555306
24.174592833876126
256.41342281879207
29.50264900662242
25.290647482017384
24.020477815699536
68.49816849817361
297.88732394364547
222.93934426229558
28.47222222222493
30.024489795918278
35.31449814126384
202.52767295597548
265.9853146853148
396.8431654676241
221.42828282828333
238.28093645485052
223.82328767123312
245.58823529410395
236.3371257485041
287.7551020407993
268.5672597864771
32.6438356164383
297.6317460317459
261.45555555555626
262.9719298245609
320.513114754098
335.5970149253717
383.63636363634635
164.87216828479333
212.82318840579734
127.04347826086976
373.62491467575893
72.04301075269319
264.0371517027783
67.54751131221724
78.97727272727211
274.9632411067193
240.42553191488201
39.6103896103929
453.6332179930648
-0.933976833976832
221.50067114093994
263.23030303030305
17.845117845119674
59.574468085111356
854.8611111110896
-59.24764890282212
4.026845637584458
160.42822822822862
259.95709969788544
248.10909090909104
218.74496644295337
31.901840490800417
562.3794212218486
-0.68947368421086
690.209790209773
512.794612794596
-1.886792452829494
266.3366336633515
-45.39249146757761
-20.689655172414188
-55.326460481100476
244.13404255319227
-46.236559139785776
272.93333333333305
-61.41479099678537
-63.07692307692383
-57.59717314487715
348.50498338869613
-63.934426229509
-62.50000000000081
783.2684824902561
114.6892655367281
-53.237410071943266
-47.368421052632385
-4.76190476190421
-54.86111111111193
300.64102564101034
248.1535211267614
28.378378378380866
278.5714285714117
343.75072463767924
313.84882943143134
225.67049808428135
277.24444444444487
228.03029315960995
483.31280276816284
301.8649635036494
254.46402877697892
269.3888111888114
875.2131147540882
259.2756756756762
172.7272727272779
37.583892617452854
27.38461538461536
16.04095563140109
323.8666666666658
347.76119402983204
293.84007220216563
35.1629629629629
272.73168316831686
77.8523489932938
298.6486486486331
-27.152317880795547
30.164516129032222
278.99999999999955
334.95675675675625
216.45569620252627
226.9603833865826
656.7703470031464
336.50793650791906
268.4210526315614
-46.37223974763486
248.93264604811003
572.8971962616648
-23.636363636364248
311.5505617977524
-11.032028469751822
286.52482269501905
582.4653465346503
-18.797315436242098
228.02807017543546
380.120711974108
-9.774436090225224
292.0863309352344
-7.142857142856718
30.87499999999995
208.47457627118257
410.6515151515017
0.30395136778204834
90.6070175438598
21.311475409838188
555.7290969899619
265.2470198675498
315.8557377049178
29.746835443040588
176.6862745098042
215.9609120521117
15.830115830117624
-0.36900369003603517
190.84967320261586
232.51563517915403
541.3409252668987
233.33333333332288
621.9684039087865
353.14906367041124
832.3843416369937
27.516778523492512
258.8478260869567
200.2078498293522
339.71631205672196
4.7619047619058765
22.03389830508658
40.99806949806942
323.295366795366
-7.407407407407057
360.1044982698958
272.0999999999995
-26.90058479532247
30.616393442622922
9.89010989011133
149.18032786885766
11.111111111112601
1.7543859649132352
171.1864406779707
32.01320132013491
-19.708029197080567
272.9888178913743
8.196721311476741
289.56975945017155
445.0039215686244
853.6793357933531
231.3118971061097
209.87399380805044
257.2111111111118
9.422492401217173
-20.000000000000288
230.44582043343746
52.54237288136017
-10.071942446042858
2.389078498294539
350.8474576271026
174.35882352941397
217.30769230768712
417.1428571428398
14.006514657982102
248.8372093023114
17.857142857144666
218.84912280701766
176.8792207792215
1.5780730897009967
-1.4211920529801247
40.41095890411303
21.78944099378878
28.503773584905638
46.13373493976101
212.080536912747
-0.684931506848471
140.7407407407461
54.12186379928759
846.7659340659287
557.0242424242317
26.811594202900977
562.0368421052551
82.1940397350996
624.2647058823364
583.8672131147455
-0.6849315068485137
-15.36050156739819
-9.433962264150622
309.5773234200739
904.7999999999807
331.1594202898385
481.699346405214
-52.22929936305813
230.67553956834664
18.11023622047434
41.79104477612304
419.213793103445
-49.20634920635001
27.727554179566525
33.23344709897607
262.0350649350658
-53.02013422818873
386.5572953736643
658.8699346405086
-55.414012738854304
-55.974842767296394
-3.323262839878565
613.8157894736701
232.39723183391084
626.8894736842016
-47.7351916376315
348.6507987220438
85.73151750972774
379.9777777777696
27.255555555555503
18.705035971224795
523.2825503355635
315.0122137404582
345.03779264213966
-49.32432432432514
173.52500000000137
236.91756272400644
38.07647058823526
273.2390804597699
924.7999999999931
835.4589353612008
499.26470588233803
527.2401433691597
18.81188118812068
187.9276872964181
-59.50155763239956
233.33333333332317
373.0559440559418
258.62068965515533
225.58139534882858
47.65100671141318
919.8999999999847
300.9222222222225
72.07892976588644
917.8999999999851
252.9411764705724
450.92327044024626
125.97360594795714
75.00000000000509
26.54545454545451
38.7666666666666
200.6993006992987
32.23559322033934
845.4545454545366
310.3343465045429
672.6817843866078
67.41044776119807
464.35643564355746
354.1164179104454
71.82580645161296
342.43457249070474
295.7703927492269
266.9724770642043
919.0999999999871
233.96778523489968
278.03333333333165
311.91311475409657
922.2999999999919
215.5388379204905
406.1984732824423
459.632404181179
71.83012048192964
185.2112676056376
-19.871794871795185
237.97909407664244
282.22085889570536
936.7999999999864
530.9071895424771
653.108754208739
472.6820895522343
932.6999999999867
653.4602787456346
-7.142857142856704
204.71897810218556
934.5999999999851
219.62025316455947
390.1964912280677
687.9263157894634
849.5065693430536
276.04100719424497
919.1999999999855
461.4726027397232
677.3437499999956
374.4027303754087
296.8253968253793
210.3313432835825
907.2999999999846
671.3178294573498
247.8597938144331
583.4727272727212
263.312540192924
