-45.652173913044
-37.11872659176038
-8.611510791366898
-7.962406015037585
-33.69436619718304
-93.44262295081863
-92.90780141843871
-93.28859060402581
-93.63057324840659
-71.32616487455199
-67.34693877551099
-93.1972789115636
-65.64885496183274
-60.784313725491245
-85.55956678700312
-86.30136986301304
-87.38170347003083
-86.20689655172349
-83.44370860927103
-40.17671232876717
-11.911111111111094
-82.69896193771581
-82.6989619377158
-10.69319727891154
-85.50724637681097
-85.23985239852338
-84.02555910543077
-82.81786941580708
-82.0143884892082
-82.99319727891108
-82.0143884892082
-80.98859315589316
-84.56790123456733
-83.55263157894686
-82.39436619718265
-83.16498316498267
-82.51748251748205
-82.45614035087674
-82.07885304659455
-82.5783972125431
-79.7570850202426
-83.76623376623324
-80.91603053435077
-82.9931972789111
-85.75498575498514
-83.33333333333287
6.774721189591066
-78.7234042553189
-10.822829581993547
-10.076712328767105
-9.258620689655148
-9.938888888888872
-13.770684039087925
-13.820447284345025
-93.26599326599224
-37.701459854014544
-54.848484848485036
-9.970684039087939
-11.854966887417202
-12.566666666666647
-82.33215547703135
-87.49999999999928
-83.55263157894687
-64.1331103678933
-83.42712933754004
-82.6989619377158
-79.75708502024267
-87.17948717948647
-82.01438848920826
-85.0187265917597
-85.71428571428508
-79.74370860927212
-81.2030075187966
-82.26950354609885
-15.049815498154935
-82.45614035087674
-86.21549295774696
-82.6989619377158
-81.88405797101407
-84.9056603773579
-82.33215547703136
-81.66950354609992
-82.26950354609885
-80.39215686274477
-82.20640569394955
-83.49834983498299
-83.33333333333285
-83.44370860927101
-82.20640569394973
-82.63888888888843
-83.97435897435844
-81.13207547169773
-82.1428571428567
-26.20645161290315
-84.84848484848428
-35.2021897810218
-5.479220779220736
-14.945454545454474
-11.13097643097638
-81.19122257053253
-79.02097902097876
-80.19801980197988
-80.64516129032222
-83.55263157894686
-64.48181818181855
-81.27340823969999
-64.41281138790092
-75.94501718213054
-73.33333333333336
-81.01265822784772
-77.85977859778576
-80.69498069498034
-77.09923664122121
-80.7692307692304
-83.55263157894687
-84.27672955974792
-79.09407665505199
-81.61764705882312
-78.4946236559138
-62.45733788395955
-85.42274052478074
-84.42367601246052
-82.01438848920826
-87.65432098765359
-86.15916955017236
-87.95180722891492
-87.3015873015866
-81.30841121495298
-72.12543554006986
-56.52173913043534
-48.27586206896624
-39.939939939940665
-67.74193548387133
-76.5100671140937
-74.19354838709694
-87.42138364779802
-68.85813148788955
-86.48648648648582
-73.18007662835261
-72.2222222222225
-63.168786127167934
-18.430985915492897
-84.02555910543079
-87.32797202797208
-83.02222222222295
-81.41263940520406
-54.942767295597655
-63.57615894039802
-46.49047619047636
-77.49196141479092
-64.87854671280309
-86.0627177700342
-75.9450171821306
-78.33935018050519
-79.33884297520632
-76.19047619047608
-79.38144329896886
-8.088235294118423
18.081180811808593
-62.2093023255821
-75.86206896551714
-80.1324503311255
-20.152091254753596
-86.20689655172347
-76.35135135135114
-62.382445141066334
-55.05617977528152
-66.25766871165692
-60.52631578947427
-58.188153310105236
-59.459459459460206
-28.571428571429276
-61.538461538462286
-67.74193548387133
-65.18987341772213
-16.955017301038765
38.181818181820766
-55.479452054795296
-59.558823529412535
-49.21875000000076
-60.912052117264494
-63.19018404908051
-34.7079037800695
-58.59872611465044
-52.205882352941956
-41.36807817589629
-51.04895104895181
-56.0810810810818
-48.45360824742347
-31.62393162393243
-25.373134328359004
32.7287449392712
16.279069767443005
-56.666666666667446
-30.79584775086582
-13.432835820896194
-9.385113268609318
23.636363636365296
-46.666666666667446
-44.25087108014017
-27.53623188405877
19.29260700389103
16.517647058823506
-34.86590038314256
-50.207468879668774
-55.17241379310423
7.255520504732814
10.29999999999999
-53.125000000000774
-42.652329749104744
-53.736654804271254
-35.36121673003883
-28.870292887029947
-53.12500000000078
-50.6578947368429
-40.35087719298324
-42.3076923076931
-35.48387096774266
-48.258483754513065
-37.142857142857906
-46.30872483221556
-60.655737704918806
-36.61971830985992
-44.98381877022727
-42.56756756756834
-37.728937728938504
-38.628158844766126
17.647058823531026
-4.761904761904253
-50.70422535211338
-36.09022556391045
-38.931297709924415
-50.464396284830464
-48.88178913738096
-54.70383275261402
-50.70422535211345
-61.19402985074704
-24.81203007518877
9.090909090910113
-55.12820512820589
29.129129129131236
-51.04895104895182
-56.64739884393134
-45.01718213058493
-40.239043824701966
3.241868512110731
-59.30232558139611
-3.846153846154336
-50.46439628483047
-55.223880597015686
16.58301886792451
-71.06109324758867
-36.09022556391056
5.217808219177517
6.896551724138881
27.32307692307662
-58.45697329376932
-9.803921568627352
-54.81927710843451
-39.285714285715095
-46.30872483221554
14.81547987616068
-54.063604240283446
-52.38095238095315
-50.15576323987614
-59.24764890282207
-55.47945205479525
-40.94488188976455
-53.8461538461546
-44.05594405594482
21.457489878544408
-13.857677902622093
7.646416382252159
22.302158273382965
-52.37160493827211
-53.33333333333411
-54.06360424028344
-10.03460207612466
-51.76848874598147
25.9541984732846
-42.372881355933
-11.87739463601558
-23.43846153846197
-52.861952861953625
-46.61921708185131
-39.393939393939895
-55.55555555555632
-55.93220338983128
20.000000000001663
-50.00000000000077
-31.342857142857557
-63.93442622950895
-52.68138801261905
-64.63022508038657
18.7050359712243
-53.79537953795459
3.0161290322575667
-56.386292834891734
-50.70422535211344
-60.91205211726462
-51.92307692307771
-56.228956228956996
-47.71241830065438
-62.500000000000774
-55.27156549520842
-13.570212765957733
-51.140065146580575
-56.37583892617526
-54.98392282958277
-52.229299363058104
-48.905109489051874
-6.976744186046199
-18.149466192171598
-64.16938110749263
10.738255033558191
-30.06993006993086
-42.85714285714364
-60.396039603961185
-53.64238410596105
24.528301886794345
-46.04316546762669
-31.407942238267903
-59.18367346938854
-86.79867986798612
-46.61921708185126
-46.96969696969775
-64.37659033078955
316.9611307420449
96.36363636364086
229.93197278911967
-53.900709219858946
-39.130434782609484
-59.87654320987731
-38.40579710145007
-49.15254237288216
-57.57575757575833
-57.44680851063908
-27.335640138409058
-44.05594405594483
-53.9473684210534
-59.62732919254736
-44.07894736842182
-52.531645569621034
-46.96969696969775
23.076923076924672
-63.81578947368499
-29.57746478873315
-52.054794520548725
10.71428571428642
-53.0201342281887
-29.71246006389853
-57.37704918032863
-66.75900277008361
11.96911196911301
118.95424836601357
-42.176870748300075
-16.083916083916858
-32.62411347517807
-60.12269938650383
162.58992805755847
-7.801418439717246
13.712374581938851
-53.020134228188695
82.89085545722878
-53.068592057762494
-50.70422535211343
-53.70370370370446
-60.24464831804358
-41.78082191780899
-53.068592057762515
-51.04895104895181
-43.70860927152394
-50.657894736842884
16.054545454545412
-50.819672131148316
-44.055944055944785
6.250000000000785
-48.32826747720442
-57.186544342508405
-48.00000000000078
-58.62068965517321
-49.640287769784955
-31.03448275862149
-53.068592057762515
-54.70383275261404
-49.49494949495027
-46.66666666666744
-51.9230769230777
3.2355704697983754
4.927586206896368
-45.94594594594672
-44.05594405594483
-42.372881355932996
-51.76848874598148
-48.051948051948834
7.023411371238328
-57.52952029520353
-0.9612167300385792
11.368456375838914
-55.88235294117726
-75.35211267605631
-71.54471544715472
-41.81818181818262
-50.1902255639105
-53.79537953795455
-38.311688311689096
-34.54545454545532
-44.92753623188482
-53.237410071943216
-60.65573770491878
-74.07407407407415
-60.43165467625978
-71.22302158273406
-34.7079037800695
-70.19867549668909
14.689368770764105
-58.064516129033045
-54.861111111111896
-61.783439490446625
19.814465408805027
-54.40729483282752
-43.39622641509509
-66.10169491525488
-55.32646048110046
-47.368421052632364
-56.36363636363712
-36.802973977695956
-43.1438127090309
-39.18918918918997
19.238047138047122
-51.66163141994037
-65.2777777777785
-44.02985074626944
-50.98039215686353
-50.92024539877378
-42.02898550724714
35.3335664335664
-59.11949685534669
-37.00787401574883
-43.89438943894471
-29.078014184397947
-34.30656934306649
-47.019867549669684
-44.25087108014019
42.30769230769565
-47.88273615635257
31.277358490566
15.278260869565194
-25.233644859813825
-28.571428571429355
-31.407942238267896
33.33780918727901
-59.375000000000746
83.76689895470393
20.569964664310902
-38.52459016393523
-37.95620437956286
22.595081967212955
25.047826086956483
22.8620253164556
-51.76848874598147
27.823129251700642
20.745103857566733
-42.372881355932996
31.743795620437915
-46.48829431438207
-9.385113268608317
-27.203065134100395
83.48840579710168
25.5359683794466
25.572413793103415
22.947552447552418
80.73772241992909
-43.06049822064134
-23.517665615142366
29.133449477351853
33.49426751592352
-13.872445820433871
26.624840764331147
27.84035087719294
-12.162162162162305
21.304819277108393
-3.6408805031450555
-40.59405940594138
33.27222222222213
29.184210526315518
-39.92932862190896
11.486486486487745
28.079775280898836
29.89999999999997
64.27419354838713
-51.310861423221766
18.3698113207547
18.72194357366768
-48.38709677419433
-44.250871080140165
15.903797468354405
-41.74757281553477
22.059712230215794
16.1037974683544
18.0576158940397
18.02857142857141
92.83678160919544
18.10462046204617
23.6833333333333
27.27977528089884
18.67986577181206
16.912269938650304
81.63157894736847
23.324137931034457
87.22162162162165
19.25337243401755
14.976923076923057
-47.368421052632364
19.82280701754383
23.734456928838917
29.888537549407083
25.73770491803276
-48.97959183673547
16.47179487179484
13.983660130718931
-50.76923076923154
87.8235294117648
19.642906574394452
78.2982578397213
14.663157894736827
16.727586206896532
-18.23899371069228
56.05739644970413
11.115686274509784
16.14285714285711
15.671794871794845
20.575862068965485
15.278260869565194
-63.06818181818261
61.28358208955231
19.904950495049455
-45.52529182879456
-54.838709677420134
-43.82022471910192
-58.70206489675595
-55.2238805970157
-53.48837209302404
-42.08494208494288
2.6615969581757257
-46.236559139785754
-48.52941176470667
-57.79220779220857
-64.95956873315434
-51.31086142322176
-58.06451612903305
-48.41269841269921
-54.70383275261404
-59.75232198142493
-40.298507462687354
-56.666666666667446
-37.500000000000774
-47.712418300654384
-48.27586206896629
-43.39622641509513
-52.542372881356734
-7.47330960854061
25.00000000000216
-57.236842105263946
-42.02898550724715
-47.76119402985154
-53.41614906832377
-50.35460992907881
-28.571428571429383
-47.71241830065438
-48.805460750854024
-39.716312056738396
-38.84892086331015
18.370700636942637
-53.1772575250844
4.000000000000867
-65.63573883161578
25.66332179930793
-44.44444444444523
11.794750656167945
-38.62815884476612
-37.50000000000078
23.837288135593163
18.959934853420158
33.458389261744905
21.73291139240503
24.762379421221844
38.141064638783206
-55.555555555556346
-13.043478260869499
162.2000000000002
-10.780669144981372
38.027210884353714
204.05405405405673
20.955414012738835
19.889440993788796
29.202649006622458
-35.114503816794695
29.798220640569355
16.04095563140079
28.14285714285709
24.59016393442841
111.42014652014674
30.33189964157699
40.12857142857136
-50.15576323987615
25.121768707482957
-21.348314606742182
-28.31541218638071
13.207547169812749
100.77021276595758
-51.72413793103526
-23.58803986711042
-44.25087108014018
-47.01986754966967
25.807987220447224
-9.433962264150722
-32.86219081272164
-47.368421052632364
31.699999999999953
-38.7755102040824
25.48281786941577
-49.82078853046675
-57.14285714285792
-63.503649635037306
32.368965517241335
-50.943396226415885
-39.068100358423756
-46.87500000000078
-58.08383233533012
-54.39739413680859
-26.829268292683732
-22.222222222222978
-39.393939393940165
-40.39735099337828
-49.04458598726195
-43.62017804154381
-47.91666666666747
-28.104575163399442
-59.183673469388545
-50.87719298245693
-57.654723127036625
-15.789473684211067
-48.80546075085405
-69.07216494845404
-49.01960784313808
-70.69597069597104
-77.27272727272712
-2.208201892743822
-56.67870036101164
70.96410256410265
-57.70392749244793
4.984210526315707
28.3018867924551
-59.183673469388566
-57.198443579767336
-39.28571428571508
-70.18970189701933
-28.05755395683534
40.21070110701099
68.94353741496619
-20.842105263158253
37.50624999999995
-28.315412186380744
53.40565371024728
20.46887417218536
52.11672025723469
-60.99290780141924
34.550943396226366
26.51472392638034
22.973186119873795
31.906060606060585
-39.18918918919
112.57142857142895
23.659501557632346
14.052351097178665
13.797674418604629
25.11124620060783
33.98918918918912
-27.444794952682177
25.866666666666617
96.79283276450535
21.094117647058795
-54.928158844766095
-28.57142857142937
35.158389261744894
-81.34328358208916
28.975757575757534
47.50522088353408
86.21851851851869
43.57292418772686
40.92591093117402
29.561732851985518
69.41818181818196
112.1666666666668
-2.4390243902432225
11.52416356877474
44.53684210526417
2.3890784982944964
158.94172661870562
26.08461538461537
14.902826855123642
-16.387959866220786
-8.127208480565047
3.6789297658873945
-5.723905723905396
101.85182186234852
-18.819188191882173
146.27054263565918
-3.7800687285217056
93.94285714285733
208.67269624573487
150.37647058823572
-29.57746478873317
91.45957446808534
34.107692307692204
59.67509157509161
-32.65993265993342
51.145454545455266
-9.420289855072213
45.22307692307696
2.836879432625155
-22.413793103448906
1.8181818181827376
73.16315789473695
-9.722222222221932
-19.642857142857647
-13.669064748201404
-13.907284768212163
-33.3333333333341
-54.70383275261406
-2.3569023569016543
84.58118081180827
-12.052117263843481
-48.17073170731788
-29.07801418439799
88.94802867383532
52.033333333333374
-27.79783393501884
-6.6666666666662096
11.510791366907869
59.66603773584907
47.8312925170068
-1.6949152542366337
129.45978647686871
105.06245210727988
95.35657492354773
-24.657534246576116
-29.078014184397947
92.40071684587835
101.99613899613922
31.305295950155717
-32.65993265993341
44.411960132890314
42.34768211920522
40.75109034267909
36.81409395973147
62.19459459459459
274.65919732441506
-47.368421052632364
-39.716312056738396
84.40133779264247
78.70000000000007
28.47222222222473
50.09934640522876
-37.26937269372774
-47.530864197531656
40.52198581560278
36.99265175718844
73.67457627118654
84.5668989547039
245.2480519480535
44.53956834532373
193.9181184668997
-64.16938110749263
42.08970099667767
216.02524916943705
107.92079207921287
59.525563909774476
289.1222222222228
116.79836065573812
-45.28875379939289
77.7846153846154
57.57575757576199
43.87073170731699
41.67437722419921
-32.142857142857956
126.77455197132662
22.605363984676416
36.16826347305384
95.85797101449305
46.805220883534105
18.123745819399502
7.584210526315783
44.97407407407401
427.56494464944427
56.16088560885612
50.0611111111111
-22.818791946309343
32.911801242235974
48.201754385964904
65.20209790209795
31.838461538461523
225.6942760942776
230.74285714285872
5.91900311526574
8.674164133738586
-3.1973154362421567
184.72323232323342
9.103630363036274
7.302076124567467
8.237037037037027
-72.3183391003462
44.96206896551723
4.882758620689607
15.782698961937704
18.581569965870287
20.401337792643993
133.41602787456495
-25.806451612904024
300.9555555555557
-21.985815602837366
-6.367041198501473
-35.01805054151703
100.90458015267194
78.08333333333375
50.43922261484094
13.510752688172012
200.00000000000358
-49.720670391062235
25.616181229773424
233.43702422145407
90.42592592592612
283.82816901408444
29.299999999999947
55.442599277978374
181.25714285714488
281.16975945017185
230.58694158075676
26.655555555555523
102.46245210727979
77.55783132530132
116.98215488215533
148.75238095238186
321.4281368821286
319.2379537953793
219.29824561402853
173.77622377622473
93.73146067415773
33.837062937062896
128.76802721088475
-35.48387096774274
182.81366459627418
305.46301369862954
23.230303030303006
292.5525423728813
178.74564459930806
32.143835616438324
42.49811320754713
93.36810631229261
421.1014598540131
26.94999999999996
324.6620437956202
35.34641638225254
76.77517730496487
138.3278688524597
26.779821958456935
162.3368421052637
33.69426751592352
39.730769230769184
63.91986970684056
176.58021978022026
184.28093645485495
39.328522336769716
-37.26937269372774
138.04521072796967
114.79477124183052
87.63793103448315
54.34832214765102
221.08941979522402
136.11111111111643
141.93548387097246
442.3605734766989
-31.407942238267903
504.08163265304347
-40.14084507042329
332.1890034364253
253.146853146839
16.10486891385934
59.26349206349215
-1.4084507042246799
367.62589928055957
195.91836734694024
80.1050359712234
8.55263157894852
-21.875000000000508
240.82542372881437
78.16440677966109
511.7585858585795
364.13191489361543
176.59574468085654
135.29411764706407
192.12234957020155
-18.91358885017484
257.75409836065654
166.56838487972837
201.4910112359556
199.5444444444452
88.61209964413334
451.5440677966066
33.99999999999995
263.42903225806464
45.649442379182105
-4.21626297577912
88.57142857143367
184.77017543859694
362.5666666666661
364.86140350876883
469.7674418604503
-42.56756756756838
-18.566775244299894
189.4736842105291
43.290476190476156
216.21557093425653
-3.114186851210435
75.72688172043017
211.7554006968647
8.47457627118768
113.83763440860253
78.79352750809427
134.37692307692353
36.43356643356635
462.2272727272702
167.40233918128695
67.81506849315078
97.37259786476889
-15.887850467289752
236.7556420233464
41.19706959706956
18.577075098816117
-12.499999999999904
289.1933579335794
167.77011494252943
327.5610169491511
214.57814569536478
-19.298245614035363
195.6000000000009
841.9629343629196
116.58823529411808
72.76387832699643
-42.76094276094356
301.31318327974145
35.86666666666658
334.6967741935477
401.86815286623846
243.04207119739903
37.496610169491426
92.31232876712347
-80.54474708171172
324.6264214046823
223.48073089701103
99.80418118466909
126.17874564459947
313.9766536964974
-11.877394636015168
-86.25429553264539
47.605220883534116
263.4525179856119
-17.98107255520522
137.8840336134478
-1.1406844106455762
298.0293436293431
34.00627062706264
38.64006734006731
288.1692810457518
194.52054794520623
291.03103448275755
118.78596491228089
217.7135135135144
181.7187050359722
110.67415730337586
183.1325301204873
423.83636363635964
9.022556390978846
302.34880546075044
267.8665615141955
195.65874125874203
134.94846416382296
116.97854984894283
312.12474226804085
292.63434343434346
227.2805194805205
200.4024390243913
349.9833976833964
558.5999999999959
243.7254180602015
124.14265734265751
132.35166051660542
270.30298507462726
53.94576271186439
