-35.45436241610749
-61.17216494845414
-92.56505576208079
-49.64028776978508
-67.39130434782652
-93.24324324324222
-93.24324324324222
-28.57142857142873
-18.694557823129248
-9.528104575163391
-7.939852398523977
-7.7746268656716335
-8.901369863013691
-8.51549295774647
-8.806896551724131
-9.528104575163391
-9.485245901639336
-9.310963455149494
-8.414285714285706
-7.885185185185177
-8.2115107913669
-8.806896551724131
-7.074999999999992
-9.177181208053684
-8.713986013986005
-8.94812286689419
-8.001459854014591
-8.901369863013691
-8.159566787003603
-10.392307692307684
-9.485245901639336
-7.830111524163561
-8.107246376811586
-9.22207357859531
-9.57068403908794
-8.314285714285706
-9.22207357859531
-9.941772151898727
-9.22207357859531
-9.755016181229765
-9.612987012987006
-7.332824427480908
-8.465724381625435
-9.901587301587295
-7.074999999999992
-6.505668016194324
-10.330061349693244
-9.612987012987006
-8.159566787003603
-8.263082437275978
-8.2115107913669
-10.216099071207422
-8.94812286689419
-8.759169550173002
-8.054545454545448
-9.086486486486478
-9.612987012987006
-9.485245901639336
-8.51549295774647
-9.086486486486478
-8.854295532646042
-9.82044728434504
-8.10145985401459
-7.785185185185178
-8.711111111111103
-8.762717770034836
-9.094557823129245
-9.248122866894189
-8.662717770034837
-8.94812286689419
-8.51549295774647
-7.432824427480908
-9.738263665594848
-9.040677966101688
-7.44848484848484
-9.655016181229765
-7.785185185185178
-8.954295532646041
-9.69677419354838
-9.177181208053684
-9.82044728434504
-6.033333333333324
-8.994557823129245
-8.207246376811586
-9.779487179487171
-7.374329501915701
-8.465724381625435
-8.415602836879426
-8.465124555160134
-8.414285714285706
-9.442105263157888
-8.759169550173002
-10.099999999999993
-9.542105263157888
-8.613986013986006
-8.415602836879426
-7.332824427480908
-10.538940809968839
-9.366666666666658
-9.45496688741721
-9.442105263157888
-8.759169550173002
-9.354966887417211
-8.613986013986006
-9.442105263157888
-8.365124555160135
-9.901587301587295
-7.7187265917602925
-9.738263665594848
-8.51549295774647
-8.854295532646042
-9.177181208053684
-8.51549295774647
-9.086486486486478
-10.36758409785932
-8.94812286689419
-8.415602836879426
-9.140677966101688
-10.515407854984886
-8.859169550173002
-8.994557823129245
-9.177181208053684
-8.613986013986006
-9.738263665594848
-7.730111524163561
-7.839852398523977
-8.2115107913669
-8.994557823129245
-8.263082437275978
-8.662717770034837
-9.310963455149494
-10.099999999999993
-10.478787878787871
-10.216099071207422
-9.040677966101688
-7.44848484848484
-9.69677419354838
-8.465124555160134
-7.947985347985341
-9.738263665594848
-8.759169550173002
-9.310963455149494
-9.094557823129245
-8.906896551724131
-8.61549295774647
-10.021383647798734
-8.107246376811586
-8.806896551724131
-8.613986013986006
-9.442105263157888
-9.22207357859531
-9.92044728434504
-8.711111111111103
-8.613986013986006
-8.51549295774647
-9.442105263157888
-8.107246376811586
-7.7746268656716335
-8.994557823129245
-9.177181208053684
-9.310963455149494
-9.186486486486478
-7.662406015037586
-6.570967741935476
-9.779487179487171
-9.040677966101688
-9.655016181229765
-7.785185185185178
-9.310963455149494
-9.248122866894189
-8.001459854014591
-8.854295532646042
-9.69677419354838
-6.951968503937
-9.981703470031539
-7.7187265917602925
-9.738263665594848
-8.901369863013691
-7.390874524714821
-9.779487179487171
-7.490874524714821
-8.854295532646042
-8.662717770034837
-9.086486486486478
-7.947985347985341
-10.021383647798734
-8.465124555160134
-9.861146496815278
-8.465124555160134
-9.981703470031539
-9.131986531986524
-8.854295532646042
-9.086486486486478
-8.51549295774647
-9.82044728434504
-7.947985347985341
-8.365124555160135
-8.906896551724131
-10.099999999999993
-8.515602836879426
-7.618726591760293
-7.505660377358483
-7.939852398523977
-8.51549295774647
-6.9749999999999925
-9.177181208053684
-10.216099071207422
-8.994557823129245
-8.994557823129245
-7.839852398523977
-8.2115107913669
-10.441945288753791
-7.730111524163561
-9.542105263157888
-8.94812286689419
-10.800589970501468
-10.292307692307684
-9.131986531986524
-9.366666666666658
-8.901369863013691
-8.994557823129245
-7.155984555984549
-8.854295532646042
-8.415602836879426
-11.203988603988597
-7.332824427480908
-10.099999999999993
-8.613986013986006
-7.7187265917602925
-8.263082437275978
-7.785185185185178
-7.390874524714821
-10.587987987987981
-8.564912280701748
-7.432824427480908
-7.947985347985341
-8.711111111111103
-8.564912280701748
-9.941772151898727
-7.135797665369642
-8.054545454545448
-9.779487179487171
-8.613986013986006
-9.612987012987006
-10.177639751552787
-8.259566787003603
-7.374329501915701
-9.941772151898727
-7.5624060150375865
-8.94812286689419
-7.7187265917602925
-8.713986013986005
-9.086486486486478
-9.086486486486478
-9.040677966101688
-9.941772151898727
-9.22207357859531
-8.51549295774647
-9.738263665594848
-9.528104575163391
-7.894117647058817
-8.94812286689419
-9.266666666666659
-8.954295532646041
-10.759701492537305
-10.659701492537305
-9.310963455149494
-8.263082437275978
-8.415602836879426
-9.040677966101688
-8.564912280701748
-10.478787878787871
-8.365124555160135
-6.373469387755094
-8.613986013986006
-10.36758409785932
-6.273469387755094
-8.414285714285706
-8.906896551724131
-10.13894080996884
-8.054545454545448
-9.612987012987006
-10.515407854984886
-9.69677419354838
-8.001459854014591
-9.398679867986791
-10.659701492537305
-10.695238095238087
-8.001459854014591
-8.363082437275978
-10.060815047021936
-9.131986531986524
-9.498679867986791
-11.488888888888882
-8.414285714285706
-7.096124031007745
-8.10145985401459
-9.310963455149494
-7.939852398523977
-7.505660377358483
-7.155984555984549
-9.628104575163391
-7.505660377358483
-10.441945288753791
-8.51549295774647
-7.7187265917602925
-7.885185185185177
-9.266666666666659
-7.785185185185178
-8.365124555160135
-9.32207357859531
-8.2115107913669
-9.941772151898727
-6.889723320158096
-9.22207357859531
-7.839852398523977
-7.44848484848484
-7.390874524714821
-9.655016181229765
-8.662717770034837
-8.759169550173002
-8.51549295774647
-9.879487179487171
-8.365124555160135
-7.7746268656716335
-8.901369863013691
-7.6056603773584825
-8.263082437275978
-7.255984555984549
-6.4709677419354765
-8.61549295774647
-7.135797665369642
-9.861146496815278
-7.947985347985341
-9.086486486486478
-9.941772151898727
-7.505660377358483
-7.332824427480908
-9.266666666666659
-9.901587301587295
-7.274329501915702
-9.442105263157888
-10.36758409785932
-8.04798534798534
-8.465724381625435
-8.51549295774647
-9.177181208053684
-7.830111524163561
-9.22207357859531
-7.255984555984549
-8.314285714285706
-8.613986013986006
-9.177181208053684
-9.310963455149494
-6.273469387755094
-10.021383647798734
-7.432824427480908
-9.79677419354838
-8.10145985401459
-8.3115107913669
-10.099999999999993
-9.310963455149494
-10.615407854984886
-9.086486486486478
-10.730563798219578
-10.060815047021936
-9.57068403908794
-8.711111111111103
-6.789723320158096
-8.314285714285706
-6.5999999999999925
-7.332824427480908
-9.310963455149494
-9.82044728434504
-8.159566787003603
-8.613986013986006
-9.354966887417211
-9.442105263157888
-9.177181208053684
-9.059169550173001
-10.478787878787871
-8.363082437275978
-8.806896551724131
-9.612987012987006
-9.354966887417211
-7.618726591760293
-8.759169550173002
-10.695238095238087
-9.040677966101688
-10.177639751552787
-8.94812286689419
-9.528104575163391
-9.901587301587295
-9.140677966101688
-9.354966887417211
-9.861146496815278
-10.730563798219578
-8.414285714285706
-9.941772151898727
-10.254320987654314
-9.79677419354838
-7.947985347985341
-9.498679867986791
-8.901369863013691
-8.207246376811586
-9.131986531986524
-9.861146496815278
-9.040677966101688
-8.10145985401459
-8.994557823129245
-8.263082437275978
-9.628104575163391
-6.102489626556007
-8.415602836879426
-7.939852398523977
-8.465124555160134
-6.102489626556007
-7.894117647058817
-9.131986531986524
-9.861146496815278
-10.478787878787871
-9.266666666666659
-8.515602836879426
-7.9941176470588164
-9.177181208053684
-10.13894080996884
-9.22207357859531
-8.713986013986005
-8.901369863013691
-8.365124555160135
-8.711111111111103
-9.086486486486478
-6.373469387755094
-9.266666666666659
-7.074999999999992
-7.155984555984549
-8.664912280701747
-9.22207357859531
-7.894117647058817
-8.613986013986006
-8.263082437275978
-10.659701492537305
-8.613986013986006
-9.82044728434504
-8.759169550173002
-10.330061349693244
-9.266666666666659
-8.365124555160135
-10.40487804878048
-8.94812286689419
-9.354966887417211
-7.9941176470588164
-9.354966887417211
-7.013725490196071
-7.618726591760293
-10.730563798219578
-9.266666666666659
-6.726984126984119
-8.314285714285706
-8.994557823129245
-7.830111524163561
-9.779487179487171
-8.054545454545448
-7.7746268656716335
-7.947985347985341
-10.36758409785932
-9.738263665594848
-8.515602836879426
-7.490874524714821
-7.274329501915702
-9.901587301587295
-9.838263665594848
-10.081703470031538
-8.415602836879426
-7.662406015037586
-7.674626865671634
-8.61549295774647
-7.662406015037586
-8.662717770034837
-9.655016181229765
-7.894117647058817
-8.363082437275978
-9.266666666666659
-8.994557823129245
-9.354966887417211
-9.442105263157888
-8.711111111111103
-9.001369863013691
-8.365124555160135
-8.994557823129245
-9.59867986798679
-10.730563798219578
-10.177639751552787
-8.207246376811586
-8.564912280701748
-8.994557823129245
-8.159566787003603
-9.310963455149494
-9.69677419354838
-9.186486486486478
-8.94812286689419
-8.906896551724131
-8.806896551724131
-7.274329501915702
-10.551807228915655
-8.2115107913669
-8.001459854014591
-8.107246376811586
-9.442105263157888
-9.69677419354838
-8.806896551724131
-8.94812286689419
-9.901587301587295
-9.086486486486478
-10.40487804878048
-8.2115107913669
-7.505660377358483
-7.490874524714821
-9.528104575163391
-11.138681948424061
-10.060815047021936
-9.612987012987006
-8.001459854014591
-9.32207357859531
-9.655016181229765
-7.432824427480908
-8.154545454545447
-10.830563798219577
-8.662717770034837
-9.186486486486478
-7.44848484848484
-10.36758409785932
-8.613986013986006
-10.938192419825066
-6.663745019920311
-9.22207357859531
-8.94812286689419
-9.131986531986524
-8.662717770034837
-9.981703470031539
-9.398679867986791
-9.779487179487171
-9.738263665594848
-9.094557823129245
-9.779487179487171
-7.947985347985341
-7.785185185185178
-9.131986531986524
-8.806896551724131
-6.726984126984119
-8.465724381625435
-8.859169550173002
-9.442105263157888
-10.478787878787871
-6.171074380165283
-9.398679867986791
-8.854295532646042
-7.939852398523977
-10.40487804878048
-7.662406015037586
-7.432824427480908
-7.939852398523977
-8.365124555160135
-6.306557377049174
-9.57068403908794
-9.738263665594848
-10.021383647798734
-8.854295532646042
-10.001587301587294
-10.83529411764705
-7.662406015037586
-9.941772151898727
-8.711111111111103
-8.565724381625435
-8.363082437275978
-9.22207357859531
-10.551807228915655
-8.2115107913669
-10.800589970501468
-9.941772151898727
-8.564912280701748
-8.954295532646041
-9.177181208053684
-6.726984126984119
-8.994557823129245
-7.618726591760293
-9.310963455149494
-9.310963455149494
-7.674626865671634
-8.711111111111103
-9.981703470031539
-8.759169550173002
-9.040677966101688
-8.001459854014591
-8.263082437275978
-7.196124031007745
-8.51549295774647
-8.159566787003603
-7.839852398523977
-9.310963455149494
-8.613986013986006
-8.2115107913669
-8.906896551724131
-9.655016181229765
-8.154545454545447
-8.613986013986006
-10.177639751552787
-8.811111111111103
-9.086486486486478
-7.618726591760293
-9.585245901639336
-7.730111524163561
-8.415602836879426
-10.160815047021936
-9.981703470031539
-8.207246376811586
-7.947985347985341
-8.662717770034837
-8.759169550173002
-9.266666666666659
-7.7187265917602925
-11.671038251366113
-8.515602836879426
-9.82044728434504
-8.854295532646042
-8.001459854014591
-8.415602836879426
-9.442105263157888
-7.374329501915701
-10.099999999999993
-7.7187265917602925
-10.060815047021936
-7.730111524163561
-10.099999999999993
-6.9749999999999925
-7.135797665369642
-10.292307692307684
-9.655016181229765
-10.099999999999993
-8.854295532646042
-8.3115107913669
-10.723952095808375
-8.465124555160134
-8.565724381625435
-8.465724381625435
-8.207246376811586
-8.465724381625435
-11.203988603988597
-9.32207357859531
-8.263082437275978
-7.674626865671634
-7.390874524714821
-9.528104575163391
-6.913725490196072
-9.79677419354838
-7.939852398523977
-8.859169550173002
-7.839852398523977
-9.086486486486478
-7.674626865671634
-9.498679867986791
-8.901369863013691
-8.054545454545448
-9.901587301587295
-10.13894080996884
-8.259566787003603
-9.186486486486478
-8.363082437275978
-7.5624060150375865
-9.612987012987006
-9.040677966101688
-8.762717770034836
-8.159566787003603
-10.478787878787871
-9.442105263157888
-8.662717770034837
-9.628104575163391
-10.099999999999993
-8.465724381625435
-9.861146496815278
-8.107246376811586
-9.485245901639336
-7.830111524163561
-8.001459854014591
-9.040677966101688
-9.442105263157888
-11.300564971751404
-9.779487179487171
-10.93529411764705
-8.3115107913669
-8.365124555160135
-7.830111524163561
-7.9941176470588164
-9.04812286689419
-8.314285714285706
-8.314285714285706
-8.854295532646042
-8.662717770034837
-7.730111524163561
-9.310963455149494
-9.131986531986524
-8.759169550173002
-8.465124555160134
-8.054545454545448
-8.762717770034836
-11.610989010989003
-8.107246376811586
-8.811111111111103
-7.830111524163561
-9.266666666666659
-9.442105263157888
-7.939852398523977
-8.664912280701747
-7.730111524163561
-7.196124031007745
-7.618726591760293
-7.839852398523977
-8.806896551724131
-8.054545454545448
-8.465724381625435
-9.086486486486478
-9.231986531986523
-8.811111111111103
-10.13894080996884
-9.498679867986791
-7.839852398523977
-9.612987012987006
-8.711111111111103
-9.861146496815278
-8.994557823129245
-8.859169550173002
-9.442105263157888
-10.441945288753791
-9.612987012987006
-9.398679867986791
-7.44848484848484
-9.22207357859531
-9.738263665594848
-7.390874524714821
-8.854295532646042
-9.04812286689419
-9.001369863013691
-8.854295532646042
-7.894117647058817
-9.22207357859531
-9.712987012987005
-8.263082437275978
-8.054545454545448
-7.54848484848484
-9.32207357859531
-10.972093023255807
-9.131986531986524
-8.365124555160135
-7.390874524714821
-7.135797665369642
-7.505660377358483
-10.478787878787871
-10.021383647798734
-8.414285714285706
-9.442105263157888
-7.894117647058817
-8.2115107913669
-10.121383647798734
-10.099999999999993
-9.528104575163391
-6.9749999999999925
-9.22207357859531
-8.94812286689419
-10.330061349693244
-8.859169550173002
-8.107246376811586
-8.806896551724131
-8.314285714285706
-9.131986531986524
-8.465724381625435
-6.763745019920311
-9.941772151898727
-9.755016181229765
-8.613986013986006
-9.901587301587295
-9.231986531986523
-8.806896551724131
-8.613986013986006
-9.485245901639336
-7.255984555984549
-10.13894080996884
-7.674626865671634
-8.759169550173002
-10.216099071207422
-8.365124555160135
-8.994557823129245
-9.22207357859531
-6.535742971887542
-9.981703470031539
-9.861146496815278
-8.207246376811586
-9.585245901639336
-7.54848484848484
-7.939852398523977
-8.154545454545447
-9.354966887417211
-9.040677966101688
-9.442105263157888
-9.354966887417211
-9.086486486486478
-8.314285714285706
-9.485245901639336
-8.001459854014591
-6.002489626556008
-8.159566787003603
-9.941772151898727
-7.374329501915701
-9.22207357859531
-9.22207357859531
-8.854295532646042
-8.564912280701748
-10.904093567251454
-9.310963455149494
-9.442105263157888
-8.759169550173002
-9.354966887417211
-10.021383647798734
-8.811111111111103
-9.086486486486478
-8.001459854014591
-8.764912280701747
-9.310963455149494
-10.587987987987981
-6.535742971887542
-9.981703470031539
-8.806896551724131
-7.135797665369642
-8.107246376811586
-7.7187265917602925
-9.131986531986524
-10.330061349693244
-10.83529411764705
-10.441945288753791
-9.82044728434504
-12.183333333333326
-8.662717770034837
-8.901369863013691
-8.711111111111103
-8.811111111111103
-10.441945288753791
-8.04798534798534
-7.885185185185177
-8.854295532646042
-9.310963455149494
-9.266666666666659
-8.994557823129245
-8.2115107913669
-11.039306358381495
-10.021383647798734
-6.913725490196072
-7.44848484848484
-10.177639751552787
-9.779487179487171
-9.22207357859531
-8.314285714285706
-8.314285714285706
-10.099999999999993
-8.259566787003603
-9.69677419354838
-10.099999999999993
-8.414285714285706
-8.759169550173002
-7.730111524163561
-9.040677966101688
-9.712987012987005
-8.662717770034837
-8.564912280701748
-9.22207357859531
-8.759169550173002
-6.851968503937
-9.086486486486478
-8.854295532646042
-7.274329501915702
-9.57068403908794
-7.730111524163561
-8.159566787003603
-9.655016181229765
-10.292307692307684
-8.2115107913669
-10.099999999999993
-9.941772151898727
-9.82044728434504
-8.04798534798534
-7.618726591760293
-8.207246376811586
-8.759169550173002
-8.811111111111103
-6.763745019920311
-6.726984126984119
-6.535742971887542
-9.69677419354838
-9.485245901639336
-10.730563798219578
-7.674626865671634
-9.442105263157888
-7.390874524714821
-9.485245901639336
-9.310963455149494
-9.398679867986791
-8.04798534798534
-9.528104575163391
-8.04798534798534
-7.894117647058817
-8.564912280701748
-9.354966887417211
-10.216099071207422
-9.779487179487171
-9.69677419354838
-9.094557823129245
-8.159566787003603
-7.2153846153846075
-11.519667590027693
-8.759169550173002
-9.131986531986524
-10.50487804878048
-9.310963455149494
-7.013725490196071
-6.889723320158096
-7.074999999999992
-7.035797665369643
-8.662717770034837
-6.9749999999999925
-9.82044728434504
-8.465724381625435
-8.2115107913669
-8.2115107913669
-7.785185185185178
-9.277181208053683
-8.901369863013691
-6.726984126984119
-8.901369863013691
-6.570967741935476
-8.662717770034837
-8.001459854014591
-10.216099071207422
-8.994557823129245
-8.906896551724131
-8.2115107913669
-8.159566787003603
-7.947985347985341
-7.096124031007745
-8.859169550173002
-9.354966887417211
-10.515407854984886
-8.04798534798534
-9.398679867986791
-7.894117647058817
-8.363082437275978
-8.107246376811586
-7.44848484848484
-8.806896551724131
-6.726984126984119
-9.628104575163391
-9.04812286689419
-9.442105263157888
-9.231986531986523
-9.901587301587295
-9.738263665594848
-10.972093023255807
-9.779487179487171
-9.655016181229765
-9.22207357859531
-8.901369863013691
-9.779487179487171
-10.515407854984886
-8.854295532646042
-9.398679867986791
-6.699999999999992
-9.177181208053684
-8.94812286689419
-8.001459854014591
-7.674626865671634
-8.054545454545448
-7.505660377358483
-11.17262247838616
-9.22207357859531
-8.806896551724131
-8.94812286689419
-10.623952095808376
-10.160815047021936
-8.713986013986005
-8.3115107913669
-9.177181208053684
-8.711111111111103
-8.465724381625435
-8.51549295774647
-8.811111111111103
-8.054545454545448
-9.779487179487171
-8.314285714285706
-7.618726591760293
-8.901369863013691
-8.762717770034836
-9.779487179487171
-8.901369863013691
