-17.477181208053686
-10.69999999999999
-8.815602836879425
-7.5153846153846064
-92.9328621908117
-84.6625766871155
-85.29411764705821
-85.8156028368788
-30.744186046511544
-39.87340823970035
-63.93935018050579
-86.88524590163865
-100.91438848920832
-83.44370860927083
-86.71096345514881
-78.55137614678961
-87.01298701298631
-26.452380952380917
-68.9842105263163
-85.40145985401398
-38.666459627329196
-84.73282442748034
-67.19797979798025
-83.87096774193496
-79.31034482758598
-83.44370860927101
-80.15873015872982
-77.69516728624515
-79.52218430034101
-38.345454545454466
-79.86577181208028
-81.92771084337308
-74.83144876325144
-77.70700636942622
-83.16498316498267
-58.46340694006331
-78.53144876325157
-81.20300751879661
-77.09923664122122
-75.17730496453875
0.10108303249091932
-55.83636363636405
-37.579518072289105
-64.90902527075866
-28.984039087947796
-23.65679442508707
-71.73144876325071
-64.70588235294167
-74.78991596638629
-66.10169491525498
-69.28327645051242
-80.64516129032224
-74.50424929178475
-69.38775510204118
-60.992907801419015
-42.37288135593254
-76.7441860465116
-66.1016949152549
-67.27272727272765
-51.67286245353206
-80.707395498392
-65.87030716723628
-80.06644518272357
-66.15384615384691
-83.49834983498299
-44.02985074626891
-31.034482758620662
-37.5000000000002
-49.41634241245179
-80.07968127490021
-89.96655518394563
-84.9056603773579
-62.96296296296393
-68.85813148788968
-79.31034482758616
-82.63888888888842
-43.33333333333375
-81.4241486068108
-83.60655737704867
-84.84848484848426
-86.71096345514881
-85.67335243552947
-84.06374501991978
-83.49834983498317
-79.52218430034102
-83.6065573770486
-82.97872340425484
-74.76340694006316
-45.25547445255513
-79.38144329896845
-54.40729483282778
-82.45614035087674
-77.52808988764029
-53.79537953795447
-85.1851851851846
-74.72924187725633
-86.01398601398537
-73.50993377483464
-89.39929328621827
-81.88405797101368
-86.25429553264539
-61.267605633803605
-75.6944444444446
-65.3979238754334
-80.64516129032239
-77.69516728624515
-79.93311036789228
-82.01438848920802
-71.42857142857174
-81.13207547169783
-82.45614035087681
-83.53909465020526
-87.6160990712067
-83.99999999999946
-79.79797979797955
-12.087912087911883
-73.38403041825106
-41.452554744525514
-80.91603053435078
-72.97297297297304
-85.23985239852338
-79.86577181208033
-78.26086956521729
-75.60975609756096
-74.7292418772564
-79.79797979797965
-61.53846153846202
-78.02197802197793
-90.53627760252277
-66.29213483146128
-89.47368421052549
-73.28244274809182
-51.851851851852715
-55.97484276729616
-48.97959183673561
-54.716981132075965
-86.30136986301304
-68.94409937888237
-79.52218430034081
-74.45255474452567
-88.67924528301808
-80.39215686274493
-86.79867986798611
-89.51048951048868
-81.27340823970012
-91.12426035502867
-63.815789473685
-65.75342465753464
-70.80291970802948
-88.76404494381944
-79.31034482758537
-96.94981549815485
-89.51048951048874
-34.256055363321934
-90.32258064516041
-90.56603773584823
-73.33333333333233
-28.57142857142849
-57.377049180328505
-67.74193548387015
-68.50393700787305
-90.03322259136127
-52.89855072463857
-61.14736842105343
-10.263082437275969
-11.198679867986785
-11.579487179487165
-11.681703470031533
-10.701369863013685
-9.447985347985336
-10.511111111111097
-11.801587301587288
-11.881703470031532
-9.959566787003597
-11.855016181229757
-8.58870431893686
-82.93515358361726
-92.90780141843871
-92.2480620155029
-92.64705882352841
-82.63888888888805
-93.10344827586104
-51.61290322580695
-58.99053627760357
-89.24731182795624
-57.26495726495807
-88.76404494381944
-92.80575539568244
-82.57839721254254
-84.75609756097477
-48.71794871794916
-92.67399267399168
-83.60655737704833
-64.00000000000067
-90.29126213592147
-61.13074204947104
-93.44262295081863
-41.81818181818211
-61.672473867596885
-93.37748344370758
-93.127147766322
-84.79087452471425
-92.72727272727172
-66.66666666666747
-62.32876712328849
-93.93939393939287
-80.9523809523799
-84.177215189873
-57.0957095709578
-26.923076923076906
-87.57763975155218
-93.127147766322
-57.08154506437867
-92.64705882352841
-91.12426035502851
-33.57933579335794
-42.084942084942796
-83.1649831649827
-56.81063122923681
-42.95302013422854
-81.68498168498128
-85.45454545454484
-85.1851851851846
-86.0627177700342
-84.4357976653691
-86.9281045751627
-78.72340425531895
-86.30136986301304
-82.01438848920802
-93.15068493150582
-79.79797979797956
-92.53731343283484
-53.84615384615435
-82.45614035087681
-87.49999999999928
-84.4961240310072
-86.88524590163865
-87.57763975155207
-82.33215547703135
-37.95620437956222
-86.71096345514891
-84.61538461538404
-85.71428571428508
-92.8073170731705
-81.13207547169775
-86.25429553264539
-86.25429553264539
-14.678397212543514
-82.99319727891114
-85.23985239852338
-68.32698412698457
-86.79867986798611
-89.5104895104885
-76.82119205297955
-100.71298701298667
-9.82044728434504
-10.121383647798734
-7.390874524714821
-8.994557823129245
-9.32207357859531
-8.994557823129245
-9.69677419354838
-10.330061349693244
-9.177181208053684
-9.398679867986791
-9.040677966101688
-9.177181208053684
-8.711111111111103
-7.432824427480908
-7.035797665369643
-8.901369863013691
-8.365124555160135
-8.51549295774647
-9.738263665594848
-8.001459854014591
-9.612987012987006
-7.785185185185178
-9.398679867986791
-9.32207357859531
-8.613986013986006
-8.94812286689419
-10.021383647798734
-8.159566787003603
-7.894117647058817
-7.839852398523977
-9.310963455149494
-9.57068403908794
-7.618726591760293
-9.528104575163391
-8.415602836879426
-9.901587301587295
-85.23985239852338
-85.0187265917597
-78.7234042553185
-86.84210526315721
-85.45454545454484
-42.37288135593265
-81.5384615384607
-48.41269841269944
-93.46405228758066
-66.99669966996717
-57.3770491803289
-71.73144876325111
-43.78252427184479
-44.2521126760566
-86.97068403908726
-92.45283018867826
-92.50936329587915
-53.642384105961334
-92.90780141843871
-86.2068965517235
-70.0000000000002
-28.030303030304047
-93.10344827586104
-79.79797979797972
-92.80575539568244
-92.90780141843871
-58.57988165680582
-23.664122137404636
-63.76811594203002
-85.2071005917154
-66.32996632996533
-55.93220338983146
-92.98245614034987
-92.67399267399168
-42.76094276094358
-86.53198653198551
-29.629629629629584
-92.98245614034987
-86.97068403908727
-92.619926199261
-23.154054054054065
-89.93288590603947
-93.10344827586104
-35.38461538461519
-85.29411764705824
-89.16967509025172
-93.71069182389832
-73.38403041825077
-65.03496503496555
-92.88256227757907
-44.886206896552736
-80.5447470817117
-93.63057324840659
-75.90361445783057
-56.22895622895686
-92.64705882352841
-93.17406143344607
-52.66272189349173
-93.0795847750855
-93.50649350649246
-50.35460992907907
-80.39215686274488
-93.35548172757372
-90.44585987261041
-42.028985507246695
-83.6601307189534
-43.06049822064157
-92.72727272727172
-21.31147540983593
-66.77740863787457
-85.96491228070111
-85.61151079136629
-93.15068493150582
-88.09523809523745
-84.4961240310072
-83.9743589743585
-86.34812286689353
-86.25429553264539
-85.29411764705821
-86.88524590163865
-86.11111111111047
-84.18972332015755
-87.22044728434433
-89.51048951048868
-86.20689655172349
-90.53627760252277
-88.53868194842329
-85.23985239852338
-85.50724637681097
-87.69230769230695
-96.54981549815493
-72.39215686274557
-83.66013071895374
-19.350737463126823
-37.594366197183064
-86.15916955017236
-77.18631178707221
-87.09677419354769
-30.066666666666592
-91.42857142857049
-90.50632911392317
-85.91549295774584
-86.84210526315726
-90.32258064516041
-83.55263157894669
-51.7234042553194
-84.37499999999945
-82.26950354609846
-70.34945848375497
-84.73282442748034
-57.22972972973005
-86.01398601398537
-52.86666666666693
-46.69923664122156
-85.45454545454484
-85.61151079136629
-88.66855524079241
-59.200884955752564
-19.466666666666637
-26.238754325259457
-92.0985865724384
-35.69462365591389
-84.37499999999945
-89.99999999999913
-90.85365853658446
-2.834008097165924
-75.94501718213067
-86.0627177700342
-56.89801980198052
-68.58181818181868
-84.89425981873055
-82.07885304659436
-51.00841121495351
-15.902832861189772
-87.65432098765359
-85.76512455515937
-85.55956678700299
-85.45454545454484
-70.03745318352121
-78.6485207100598
-85.89797979798007
-85.96491228070111
-54.88277153558101
-91.89122257053272
-14.124148606811104
-52.65000000000021
-87.91540785498415
-46.89122257053309
-80.26315789473662
-87.05501618122908
-22.729940119760457
-41.352631578947424
-40.45862068965522
-80.46874999999972
-85.23985239852338
-86.66666666666599
-89.38992042440236
-85.61151079136629
-86.30136986301304
-86.34812286689353
-86.84210526315721
-86.75496688741653
-85.23985239852338
-85.50724637681097
-86.30136986301304
-64.59047619047664
-59.86498316498348
-52.632075471698265
-84.56790123456739
-86.71096345514881
-85.29411764705821
-87.3015873015866
-87.17948717948647
-87.01298701298631
-85.34798534798475
-87.26114649681458
-87.34177215189801
-9.92044728434504
-6.826984126984119
-7.196124031007745
-9.177181208053684
-8.51549295774647
-8.159566787003603
-7.894117647058817
-8.565724381625435
-9.040677966101688
-9.779487179487171
-8.259566787003603
-9.941772151898727
-9.779487179487171
-8.365124555160135
-10.765680473372774
-9.861146496815278
-8.906896551724131
-8.415602836879426
-10.40487804878048
-9.69677419354838
-9.32207357859531
-8.901369863013691
-9.485245901639336
-8.806896551724131
-9.442105263157888
-8.001459854014591
-9.32207357859531
-8.159566787003603
-7.947985347985341
-9.655016181229765
-8.662717770034837
-7.44848484848484
-8.054545454545448
-7.035797665369643
-9.177181208053684
-10.330061349693244
-8.51549295774647
-8.51549295774647
-7.894117647058817
-7.432824427480908
-10.478787878787871
-10.316099071207422
-86.0627177700342
-86.3945578231286
-8.954295532646041
-9.838263665594848
-9.838263665594848
-10.081703470031538
-9.542105263157888
-9.542105263157888
-9.277181208053682
-9.366666666666658
-8.10145985401459
-9.231986531986523
-8.615602836879425
-45.842911877394684
-86.44067796610103
-71.63120567375918
-58.90410958904212
-88.54961832060992
-37.03703703703777
-50.00000000000105
-85.6115107913663
-88.09523809523735
-83.9228295819931
-84.84848484848426
-85.23985239852338
-86.15916955017236
-19.414388489208605
-47.1194805194807
-85.66308243727536
-84.84848484848426
-89.51048951048868
-85.45454545454487
-85.20710059171553
-47.16981132075561
-88.88888888888809
-89.61937716262898
-93.44262295081863
-38.461538461538886
-92.75362318840479
-86.06271777003433
-82.45614035087674
-86.57718120805302
-86.01398601398537
-54.54545454545548
-87.98798798798724
-87.17948717948647
-86.62207357859464
-85.8156028368788
-85.23985239852338
-25.03245033112578
-87.09677419354769
-85.8156028368788
-53.93207547169838
-26.752631578947327
-52.17885304659519
-67.18011695906475
-8.859169550173002
-6.889723320158096
-8.207246376811586
-11.526815642458093
-10.081703470031538
-8.954295532646041
-8.762717770034836
-9.755016181229765
-8.811111111111105
-9.094557823129245
-8.906896551724133
-10.121383647798734
-8.10145985401459
-8.664912280701747
-8.515602836879426
-8.465124555160134
-10.969794721407617
-10.001587301587294
-8.04798534798534
-9.186486486486478
-9.186486486486478
-7.9941176470588164
-8.311510791366901
-9.366666666666658
-9.712987012987005
-9.140677966101688
-8.04798534798534
-9.542105263157888
-9.486486486486477
-85.8657243816248
-13.194980694980654
-86.20689655172347
-58.671428571428926
-18.547368421052603
-85.50724637681097
-88.7218045112772
-85.8156028368788
-86.11111111111046
-87.90322580645065
-82.63888888888862
-92.56505576208079
-41.15766423357695
-42.07801418439729
-86.44067796610103
-86.53198653198586
-83.16498316498267
-85.29411764705821
-74.69896193771679
-85.8156028368788
-85.0187265917597
-73.22579185520432
-86.79867986798611
-84.25196850393645
-90.19607843137169
-48.19923664122172
-86.53198653198586
-88.13056379821883
-92.39543726235644
-78.57142857142857
-46.866233766233854
-82.69896193771586
-86.11111111111046
-87.13826366559415
-81.06060606060569
-93.1972789115636
-54.69255663430462
-75.96250000000074
-27.286311787072172
-82.93515358361732
-78.18181818181743
-13.214388489208595
-81.54981549815437
-36.99436619718305
-86.62207357859464
-86.34812286689353
-86.0627177700342
-7.374999999999991
-9.159169550173
-8.765124555160133
-10.43894080996884
-9.57718120805368
-9.928104575163392
-8.40145985401459
-10.096774193548377
-9.57718120805368
-7.06374501992031
-10.730061349693242
-7.732824427480907
-9.52207357859531
-7.315384615384607
-9.094557823129245
-8.664912280701747
-11.004093567251454
-10.199999999999992
-9.67068403908794
-8.811111111111105
-7.939852398523977
-5.308695652173906
-7.605660377358481
-8.954295532646041
-7.074999999999992
-8.259566787003603
-8.862717770034836
-10.23894080996884
-9.231986531986523
-8.04798534798534
-9.410963455149494
-7.9941176470588164
-8.61549295774647
-9.92044728434504
-9.32207357859531
-8.311510791366901
-8.465124555160134
-9.755016181229765
-8.954295532646041
-8.414285714285706
-9.542105263157888
-8.515602836879426
-9.67068403908794
-9.585245901639336
-9.542105263157888
-9.45496688741721
-9.094557823129245
-10.354320987654313
-7.885185185185177
-9.67068403908794
-9.755016181229765
-6.570967741935478
-7.135797665369642
-8.465124555160134
-8.565724381625435
-9.231986531986523
-9.231986531986523
-10.081703470031538
-9.231986531986523
-8.713986013986005
-9.410963455149494
-8.811111111111103
-11.205747126436775
-9.585245901639336
-9.838263665594848
-9.45496688741721
-8.565724381625435
-9.498679867986791
-10.081703470031538
-8.565724381625435
-8.859169550173002
-8.10145985401459
-9.45496688741721
-9.094557823129245
-9.879487179487173
-8.10145985401459
-11.004093567251454
-9.838263665594848
-9.277181208053683
-9.838263665594848
-9.796774193548378
-8.954295532646041
-8.906896551724133
-6.306557377049174
-9.796774193548378
-9.796774193548378
-8.465124555160134
-8.154545454545447
-9.838263665594848
-7.7746268656716335
-9.277181208053682
-6.699999999999992
-9.542105263157888
-10.651807228915654
-9.785245901639335
-8.614285714285705
-86.53198653198586
-84.962406015037
-86.62207357859464
-49.09797979798001
-87.01298701298631
-87.65432098765359
-85.8156028368788
-18.952054794520517
-79.79797979797961
-89.61937716262892
-89.28571428571328
-31.373408239700304
-53.2064056939504
-7.9941176470588164
-9.67068403908794
-8.465124555160134
-8.515602836879426
-10.23894080996884
-9.961146496815278
-9.094557823129245
-8.10145985401459
-8.565724381625435
-8.414285714285706
-8.414285714285706
-10.68798798798798
-8.311510791366901
-6.763745019920311
-7.662406015037586
-10.969794721407617
-7.548484848484838
-7.939852398523977
-8.10145985401459
-9.879487179487173
-8.61549295774647
-8.906896551724133
-6.951968503937
-8.859169550173002
-7.9941176470588164
-9.048122866894191
-9.186486486486478
-7.7746268656716335
-10.23894080996884
-9.094557823129245
-10.001587301587294
-8.154545454545447
-7.196124031007745
-9.140677966101688
-8.61549295774647
-11.338192419825065
-36.656140350877166
-52.22929936305765
-85.61151079136616
-92.90780141843871
-93.37748344370758
-78.18181818181716
-39.16349809885961
-53.40501792114789
-89.39929328621832
-62.025316455696824
-78.94736842105186
-93.80804953560265
-59.55882352941261
-51.42857142857254
-93.50649350649246
-92.7007299270063
-85.34798534798435
-87.53894080996812
-85.45454545454484
-72.56644518272475
-62.68656716418008
-66.66666666666752
-86.15916955017248
-70.26022304832713
-85.61151079136629
-53.994366197183325
-17.791719745222903
-86.97068403908726
-33.79790940766562
-83.76623376623273
-80.7073954983919
-83.05084745762667
-92.30769230769133
-93.67088607594832
-92.72727272727172
-90.44585987261053
-68.45425867507858
-52.38095238095338
-93.8271604938261
-92.39543726235644
-92.95774647887222
-86.06271777003433
-93.8271604938261
-94.02985074626758
-89.89898989898906
-89.7610921501698
-44.852941176471376
-93.35548172757372
-93.22033898304981
-93.54838709677315
-92.98245614034987
-93.73040752350991
-73.94136807817593
-43.0199430199439
-64.40129449838255
-44.029850746269375
-62.068965517242184
-72.64437689969625
-87.38170347003083
-87.53894080996812
-53.01335504886015
-85.91549295774584
-86.30136986301304
-86.57718120805302
-88.53868194842329
-54.128440366973535
-89.9665551839457
-95.64736842105205
-29.49498069498063
-18.041176470588205
-15.302189781021852
-87.34177215189801
-66.15384615384663
-75.43859649122815
-89.61937716262875
-92.85714285714185
-92.90780141843871
-64.0287769784183
-80.23715415019716
-32.33564013840806
-92.56505576208079
-68.08510638297938
-95.31263940520421
-39.54370860927152
-13.366233766233734
-73.3388888888894
-89.36170212765876
-84.6788530465956
-80.71786941580817
-86.71096345514881
-87.09677419354769
-86.44067796610103
-86.01398601398537
-84.32601880877694
-84.962406015037
-86.25429553264502
-42.67643312101918
-26.83888888888884
-84.02555910543077
-66.52786885245948
-86.48648648648582
-66.16541353383501
-84.7560975609752
-92.9328621908117
-74.44089456869028
-93.28859060402581
-93.37748344370758
-90.0332225913611
-88.37209302325483
-85.07462686567118
-85.34798534798475
-41.435153583617804
-45.23846153846169
-24.817647058823493
-85.29411764705821
-28.417482517482462
-88.505747126436
-86.75496688741653
-86.0627177700342
-87.76758409785859
-94.2528735632173
-86.75496688741617
-9.85496688741721
-8.24798534798534
-8.765124555160133
-8.663082437275978
-9.0111111111111
-9.531986531986522
-29.794259818731064
-86.25429553264539
-56.043956043957074
-86.7777777777778
-24.65753424657521
-89.5833333333323
-93.22033898304981
-79.52218430034026
-85.0187265917593
-67.62589928057591
-79.31034482758604
-60.20948012232448
-11.088593155893502
-14.35708502024287
-8.36308243727598
-9.628104575163393
-8.10145985401459
-9.410963455149494
-9.712987012987005
-10.316099071207422
-8.811111111111105
-8.515602836879426
-9.231986531986523
-10.199999999999992
-9.542105263157888
-10.430061349693243
-8.859169550173002
-8.20145985401459
-21.67759197324412
-86.11111111111046
-85.96491228070111
-84.42367601246055
-82.26950354609892
-85.55956678700299
-90.41533546325773
-86.11111111111046
-84.84848484848426
-63.1901840490808
-68.0851063829791
-34.562917933130635
-83.55263157894686
-87.17948717948647
-98.99896193771602
-18.820155038759655
-87.53894080996812
-87.57763975155207
-85.66308243727536
-86.20689655172349
-86.15916955017236
-84.4357976653691
-93.69085173501472
-89.43661971830909
-93.10344827586104
-46.66666666666763
-86.25429553264539
-85.23985239852338
-86.9281045751627
-87.22044728434433
-79.72972972972924
-46.38620689655278
-78.41726618705012
-84.555984555984
-80.98859315589317
-83.66013071895355
-85.66308243727536
-86.71096345514881
-85.55956678700299
-94.2528735632173
-93.99399399399293
-90.96385542168568
-85.91549295774584
-85.50724637681097
-86.34812286689353
-86.75496688741653
-85.96491228070111
-66.32147651006753
-84.84848484848426
-86.20689655172356
-93.0795847750855
-72.04968944099403
-87.69230769230695
-87.84194528875305
-32.377215189873354
-81.81818181818146
-85.76512455515952
