-47.672555205047516
-9.691222570532892
-54.4072948328275
-7.335907335907029
-93.00699300699199
-94.49035812672066
-14.132450331125826
-8.901369863013691
-10.13894080996884
-11.550276243093915
-8.365124555160135
-10.40487804878048
-9.277181208053685
-9.577181208053682
-10.054966887417208
-9.755016181229765
-7.785185185185178
-8.5115107913669
-10.174626865671625
-36.07462686567169
-9.411510791366894
-9.377181208053683
-8.915602836879424
-5.814388489208621
-8.085185185185177
-5.384981684981675
-9.622073578595309
-8.813986013986005
-9.831986531986521
-8.354545454545447
-9.013986013986004
-8.417869415807543
-9.65496688741721
-5.424148606811132
-7.7084112149532515
-2.5476868327402045
-9.590778097982696
-5.0176470588235205
-4.881481481481471
-6.913355048859925
-10.166666666666655
-9.365724381625432
-7.313355048859924
-9.465724381625432
-8.285185185185176
-7.9989619377162455
-7.514388489208615
-11.130563798219576
-8.158620689655155
-10.922829581993547
-9.494557823129243
-84.31372549019552
-84.12698412698359
-84.89425981873059
-82.8178694158071
-8.498961937716244
-13.41263940520442
-83.92282958199304
-34.298349834983426
-7.420979020978992
-9.65895953757223
-14.274999999999967
-10.898586572438122
-80.98859315589316
0.5720279720279748
5.086885245901584
3.6499999999999773
-2.852554744525545
-4.178546712802758
7.556249999999977
-81.24999999999962
-81.48148148148108
-83.44370860927101
-2.0904761904761884
-77.44360902255625
-74.910394265233
-18.41265822784805
-10.373239436619679
-59.206611570248256
-6.74193548387106
-19.647368421052576
-73.0639730639732
-81.61764705882312
-80.39215686274476
-77.27272727272711
-86.14958448753397
-80.98859315589316
-83.10810810810761
-85.07462686567105
-79.50819672131118
-83.55263157894686
-82.0143884892082
-81.48148148148108
-83.60655737704866
-83.87096774193496
-84.37499999999945
-82.20640569394973
-81.61764705882312
-85.13011152416297
-90.6249999999991
-90.19607843137169
-85.66308243727536
-87.55186721991629
-88.84758364312188
-30.42014388489204
-53.900709219859145
-37.50000000000027
-65.39792387543298
-76.74418604651078
-61.13074204947054
-52.54237288135689
-44.27244582043393
-33.33333333333346
-55.326460481100206
-63.52583586626203
-60.00000000000104
-51.57750865051968
-54.2483660130726
-46.87500000000065
-75.52447552447546
-68.4542586750793
-65.87030716723612
-61.685823754790086
-62.50000000000079
-57.59717314487712
-57.44680851063909
-69.79865771812118
-68.42105263157943
-9.060869565217354
-47.92197802197809
-87.90841121495347
-80.19801980197988
-55.69620253164636
-32.258064516129416
-24.88144329896902
-81.83245033112638
-55.97484276729634
-81.34328358208916
-81.41263940520406
-84.37499999999945
-83.71335504885941
-82.20640569394973
-82.39436619718265
-80.51948051948017
-17.76291793313066
-80.91603053435077
-82.33215547703135
-88.97058823529332
-90.06622516556206
-81.8181818181814
-57.00601503759461
-73.07692307692324
-93.54838709677315
-58.33333333333439
-70.80291970802936
-65.25096525096575
-81.27340823969999
-82.26950354609885
-81.13207547169766
-24.603174603174693
-39.62264150943476
29.158940397350662
-46.360153256705765
-40.074906367042
-56.11285266457744
-59.37500000000078
-55.64516129032339
-53.79537953795459
12.457142857142806
-59.86622073578675
9.253191489361647
-50.19157088122686
-59.11949685534669
-49.41634241245216
-50.943396226415885
-67.15328467153341
-83.55263157894686
-65.18987341772223
-60.28880866426073
-60.67415730337155
-56.862745098040016
-56.66666666666746
-24.39862542955405
141.37931034483188
8.433734939759908
-39.71631205673837
-9.232450331125797
-8.39183673469385
-38.69731800766355
-57.79220779220858
-39.39393939394018
-51.92307692307771
-50.530035335689846
15.184848484848395
-55.29580838323408
-40.140845070423325
22.02047781569955
-50.570342205323996
-56.11285266457759
-43.39622641509513
26.55925925925915
-44.44444444444526
-52.52225519287912
29.431899641576962
-43.85964912280783
-54.8387096774201
-53.0201342281887
-46.488294314381996
-23.344947735192473
27.006060606060515
-45.39249146757758
-76.19047619047609
-70.69597069597091
4.922950819671989
-55.01730103806309
-42.96577946768138
-65.18987341772208
-56.228956228957024
-52.89855072463849
-53.33333333333412
31.080281690140772
-50.166112956811425
-61.41479099678534
-59.876543209877276
-55.932203389831315
-48.63013698630216
-46.428571428572226
30.380281690140762
-20.93875432525946
-43.26241134751848
-64.16938110749263
-63.57615894039814
-68.62745098039262
0.1877551020402528
-9.132450331125796
-6.295167286245324
-10.43207547169808
-7.738754325259487
-9.610344827586175
-7.253696498054438
-23.672555205047285
-7.8863117870722075
-14.494366197183057
-10.061016949152508
-11.26923076923073
-8.847368421052598
-3.7385964912280514
-7.402189781021864
-10.914388489208605
-11.252631578947344
-11.702431610942226
-11.256140350877164
-5.4705882352940876
-47.56554307116178
-50.75757575757655
-48.096885813149555
-56.39534883721005
-85.01872659175972
-72.78911564625862
-53.588593155893754
-30.63859649122798
-7.411940298507428
-9.19462365591394
-70.84548104956285
-60.0000000000008
-84.84848484848426
-82.7586206896547
-86.03351955307198
-84.37499999999945
-13.207547169811173
4.67826086956504
-78.26086956521719
-65.08631178707269
-10.991719745222895
-13.71039426523291
-12.581981981981947
-10.629729729729691
220.87227414330587
488.5955631399226
51.66969696969727
12.676056338029571
418.86792452829036
400.5681388012541
-42.925000000000736
110.5263157894736
442.37288135592144
441.77132616486784
388.1355932203265
346.0966542750914
222.58064516128908
467.37588652481185
29.770992366411384
425.64102564102154
539.9999999999872
200.11908127208713
298.71382636656
616.8458781361905
33.86435331230261
295.3284768211863
150.89141104294606
185.67692307692562
90.32258064516478
16.32798634812248
-28.104575163399304
304.84429065742745
570.4980842911776
586.468646864677
129.23588039867587
426.75714285713616
-16.94352159468522
498.66220735785134
178.35051546392162
309.98888888888706
387.97894736841135
132.02614379085443
767.3469387754991
515.3846153846088
132.25806451613323
542.1404682274155
679.7833935017946
574.6575342465634
541.1149825783895
497.35973597359106
342.4778761061915
79.21146953404948
755.1724137930865
335.9861591695469
459.99999999999227
494.69696969696054
527.1186440677844
559.3749999999925
531.5789473684096
788.8888888888765
270.3703703703635
489.2857142857016
297.99331103678134
603.7037037036949
371.57190635451076
306.249999999989
457.1955719557076
248.62385321100044
358.33333333332354
488.03986710962266
196.70329670330082
562.2073578595191
847.5655430711497
574.6170087976453
275.1794326241143
841.961971830972
832.3308270676541
403.18823529411657
296.0693602693604
250.92156862745162
250.6143812709039
95.89003984063763
2.6615969581759247
-11.660777385158827
267.4179487179494
222.1476510067042
247.70450160771708
271.8570093457947
134.33888888888941
522.6216216216168
236.7823529411774
272.4895306859204
396.8749999999918
248.9283950617297
124.10337078651702
33.67425149700595
100.27547169811328
46.20636704119846
-7.534246575342008
372.18600682593626
47.79298245614032
296.0214007782098
87.29685534591212
38.30769230769224
315.90169491525336
221.45695364238497
38.52411575562697
168.25369127516817
25.212462908011823
49.85168539325841
45.10494699646637
53.47716535433071
240.12189781021993
35.4171779141104
270.65296442687765
109.957142857143
197.95819397993395
135.2685618729102
179.6500000000008
131.8129568106315
314.06321839080465
277.60260223048334
201.7140350877196
47.742335766423324
47.44233576642333
268.2333333333337
89.39644128113896
186.21464968152918
111.56619718309875
149.49716312056788
417.40175438596145
111.75314685314711
395.492537313431
213.7371681415934
101.80323886639698
203.0750000000013
437.87397260273775
39.72745098039212
115.45992217898848
39.82745098039212
54.20395256916994
40.46551724137927
242.44676258992098
40.27894736842101
204.3919463087205
278.7558441558454
165.99720670391122
46.81227436823103
52.78438661710035
551.8059288537524
257.2148148148159
242.20817610062954
44.27073170731701
140.0283464566932
103.43113553113572
118.03529411764723
35.053488372092964
44.92941176470585
47.742335766423324
2.473498233216496
45.885324232081885
107.58410596026523
43.05520504731857
46.085324232081874
291.21428571428584
119.19446254071693
43.468421052631534
302.65900383141707
257.7235772357543
428.50441767068173
46.507590759075825
42.931147540983574
40.52025316455689
70.08610038610047
905.3999999999803
-25.465838509316818
447.40645161289996
40.98360655737586
504.91481481481196
43.66435986159165
114.82779369627536
430.7206405693927
37.13072100313473
39.882389937106886
469.188552188548
372.6186440677952
124.16216216216242
424.4166112956775
410.52866894197604
845.0758620689518
615.909090909084
206.63076923077014
605.5666666666601
610.5896551724034
444.1820809248497
221.42857142856946
247.2702341137134
867.0195121951125
400.3546125461242
339.7243902439008
327.7941176470557
288.3666666666668
119.29125475285201
143.23623188405807
292.218471337579
236.21891891892005
173.89386503067516
274.9952662721901
275.4513513513515
845.5770491803158
-27.835051546392535
-14.191419141914233
473.32526690391285
381.4629629629607
552.9960132890318
412.3030075187939
425.9315789473651
563.2209059233393
476.7208178438632
418.46146788990643
427.249494949492
352.16598639455736
523.8567474048396
429.8941176470568
366.66666666665583
235.0413793103451
543.324550898196
161.86038338658176
225.61372549019688
127.96352583586594
9.022556390978831
88.15033112582869
329.3173745173737
83.0238726790503
347.6272727272723
62.12669039145912
258.03248407643355
219.07894736841445
301.3249070631969
250.89629629629724
-23.54740061162124
105.15789473684218
283.4322580645161
262.73039513677884
-44.8529411764714
404.26434108527076
211.58947368421087
283.88235294117703
9.06968944391906e-13
142.13765182186273
258.6112149532718
114.64814814814835
33.686567164179074
421.7230769230757
290.3777777777783
57.77272727272728
40.20693069306922
251.58106312292438
237.1853658536599
324.4379537953794
344.7410256410259
276.9684210526313
392.60270270270183
277.374276527331
244.40344827586313
268.9500000000004
352.46699029126063
245.65743944636722
30.72380952380945
226.97163323782362
307.5046357615893
10.687022900764813
160.80000000000038
44.0824281150159
49.02101167315173
141.56206896551743
43.342446043165424
43.547682119205206
336.652380952381
179.83944223107588
119.84615384615407
312.54405144694465
181.4571428571436
153.25616438356184
298.053846153846
39.75245901639341
40.096969696969644
217.32711864406826
50.32238267148011
178.55688622754582
299.2853479853477
283.4330033003301
353.52784810126445
396.1228070175411
54.350190114068454
59.16797153024913
128.05487364620956
86.321052631579
379.201214574897
667.9587412587351
52.774226804123714
329.00662020905855
123.64265734265751
229.7118971061098
256.9303630363039
-10.979228486646798
314.0047619047616
136.46047430830055
47.30128617363381
106.53488372093035
243.53636363636377
-5.228758169934071
256.3478260869566
156.4112359550563
55.15882352941179
47.88120805369124
92.13793103448293
42.46123778501621
99.63051359516633
131.76762589928083
121.53533834586494
234.3055555555565
221.34186046511658
284.8319727891156
60.515436241611155
126.03658536585382
112.97940199335562
514.8953488372036
116.83503649635057
95.14776632302423
194.12172523961755
371.55263157894586
117.60000000000008
327.52091503267815
106.28305084745773
328.278927203064
143.67346938775543
330.7008230452671
363.09310344827395
384.48113879003455
318.71830985915506
356.8666666666659
271.580794701987
380.63797468354244
422.92397660818455
435.345614035084
690.2642140468139
395.87735191637455
436.2368421052601
477.1985130111501
215.2034013605446
102.54713804713823
172.15376344086087
518.7136200716807
450.4481751824806
258.37804878048877
329.3172185430459
216.32508361204114
181.98064516129062
353.22491349480754
641.9969899665466
317.99999999999943
371.29999999999814
423.5942446043144
460.26753246753043
322.7212218649507
333.90389610389485
12.449799196788781
227.06038338658266
14.624505928855395
147.38675958188654
181.23460076045683
161.9383900928799
166.59798657718153
130.97773851590128
272.22575250836184
267.4802816901415
163.2202020202026
111.52871972318351
258.40415335463337
284.4580204778154
158.97628865979405
146.95862068965542
160.5802919708035
205.25524475524517
157.57462235649592
320.19543973939983
132.55813953488857
154.14262295082017
154.48082191780847
457.9412140575047
239.68692579505353
121.50895522388083
128.62975778546726
728.7682656826515
231.0202797202804
345.25547445253943
244.2000000000004
151.98571428571475
145.8242524916948
407.8520547945189
220.22307692307717
177.5593869731803
176.994339622642
276.2057877813365
319.45679012345704
282.86923076923085
193.90681003584686
438.6820224719083
234.3373493975843
253.00140845070547
188.1850574712646
133.4727272727275
136.75747508305685
145.68466898954728
157.1392491467582
179.2389830508479
125.72028985507256
85.45454545455038
121.48154981549845
116.25496183206127
153.91272084805675
166.8363636363639
182.87722007722067
185.58059701492564
144.90200668896375
152.69329073482484
157.2458483754515
118.87777777777816
427.2817869415795
198.33584905660436
258.68954248366083
270.10674157303356
143.64516129032276
134.83932584269678
176.08873239436684
146.9508474576274
158.32131147541037
181.47972027972065
208.51195219123534
197.69649122807039
146.15106382978772
169.64206642066452
199.89523809523828
150.77360594795573
189.06250000000045
185.51464968152922
280.3591973244152
132.09190283400844
219.6067796610175
127.93414634146376
134.6647482014391
139.88205128205158
190.7906810035847
134.16774193548406
88.61209964413331
157.94444444444505
247.89838187702316
89.55449101796417
130.16417910447785
173.82631578947425
166.30877192982473
160.92602230483308
138.45923566879017
318.181818181801
132.53216783216808
156.47162629757807
157.1392491467582
148.99716312056788
109.85714285714315
201.06639676113423
163.9651877133111
165.86606498194968
138.20317460317492
337.89257950530026
119.71010452961687
112.69681528662443
139.25773195876312
126.61229773462821
155.26756756756794
180.85725190839761
103.56666666666678
177.95443037974766
373.2341296928307
151.50256410256446
135.0395638629288
232.86273062730666
134.04693877551048
71.3900332225914
106.59413919413942
148.66375838926203
159.6912280701756
160.83261648745554
165.2652014652016
139.48709677419382
154.1354515050173
185.9222222222229
133.39064327485403
103.50781758957682
170.5536912751681
194.30379746835789
105.88305084745775
-6.976744186046114
147.5910034602078
129.1161290322582
115.38152866242064
124.78378378378395
142.70794701986785
46.33498622589528
73.97246376811597
114.71444043321313
163.81684587813655
140.1186335403729
68.67469879518589
148.5194630872486
152.9057971014494
142.35234899328887
140.1820512820516
129.67936507936537
274.3021352313176
118.02500000000023
150.3980891719749
125.9095563139935
124.5938271604941
151.57619047619062
133.87117117117157
0.3344481605359849
132.8847896440133
162.45595667870055
136.02103559870588
182.45000000000041
-8.424908424908157
106.50588235294133
56.378787878787904
163.4042253521132
206.34576271186447
7.142857142858356
38.32320441988939
353.3333333333154
353.8374999999993
366.2425742574248
452.66057347670073
687.8294117646972
157.42574257426227
-3.2258064516123923
215.17509727625824
-12.621359223301013
508.3916083916038
45.63106796116391
61.54014598540144
-16.129032258064814
76.60810810810825
391.98301886792297
-3.5714285714281107
47.1709677419354
-17.197452229299845
620.5192982456065
299.5683501683502
245.12541806020158
66.45384615384616
270.8250000000001
197.25504587156084
201.27931034482788
278.00687285221767
80.86819923371655
69.75842293906814
638.3487179487113
248.095890410959
330.64329896907174
209.5443148688053
274.44824902723707
270.5853146853148
218.9368421052633
193.37435897435947
-46.808510638298685
252.11267605632216
177.92847896440176
100.77575757575764
-13.043478260869612
415.3388888888861
262.3693140794221
300.47831715210293
132.07773851590122
270.68028169014144
-43.060498220641406
179.64951768488774
173.9172106824932
118.74237288135609
339.02063492063496
-50.292397660819525
-40.14084507042333
-41.1764705882361
69.8711409395974
-41.1764705882361
-45.57823129251782
225.69090909090934
236.9115646258506
221.647368421053
-42.372881355933046
197.14210526315813
77.07969348659005
17.16403785488957
-41.580756013746516
221.77564469914154
-43.661971830986715
648.2366197183006
281.01505016722547
351.54440154440044
98.11313131313148
257.5246376811595
-47.88273615635261
25.064808362369277
326.76468401486943
211.43972125435602
293.4352941176474
379.9954063604236
345.58339768339636
192.8652421652432
192.82343234323469
236.41012658228
-2.439024390243322
281.4415730337087
82.88006230529615
-45.392491467577585
632.5816254416901
349.12542955326364
874.264705882334
383.5536423841046
427.9818181818147
127.57216117216137
143.99115044247816
267.4202531645578
19.568354430379706
91.2785016286647
255.97112970711362
229.9519434628982
767.0099644128023
354.27179487179455
179.8538461538466
188.88191126279943
677.3034843205481
79.58247734138983
569.0403508771855
267.2531365313655
227.02524916943642
366.67598566308175
135.50000000000045
75.04941634241268
282.082352941177
69.55343511450388
446.9884892086295
409.23206106870214
215.56838487972553
257.6257525083624
86.13548387096782
310.5883161512023
1.2658227848109167
529.4380952380918
225.63076923076983
60.4401459854019
-46.70846394984406
43.21070336391455
88.60133779264234
126.39032258064529
-53.70370370370449
2.189781021898629
37.23582554517129
63.35020576131694
389.0666666666645
373.56140350876973
3.2258064516137743
173.98348623853312
4.166666666667714
119.46122448979602
187.5526315789479
483.77719298245097
-10.299003322258983
58.43684210526351
650.4999999999931
547.1357664233557
388.2489208633075
51.65053380782915
-13.183279742765192
429.4494809688564
274.656028368795
77.44897959183749
325.79094076655
49.037800687285184
46.22456747404841
44.76808510638293
96.1198606271778
178.112195121952
18.499290780141813
507.3768953068561
51.472084805653665
46.2245674740484
659.9552447552371
157.31338582677205
147.50169971671437
26.674592833876183
55.17873754152822
55.82150537634408
-7.692307692307342
95.0051282051284
38.78640483383681
131.56666666666686
52.85882352941181
-8.12720848056509
53.810526315789474
49.27220447284341
123.97560137457069
93.76056338028182
-5.263157894736356
46.366666666666646
128.54347826086968
43.725503355704625
58.00100334448169
49.3
40.33954983922826
193.35813953488446
66.55625000000006
235.40310559006232
88.31212121212134
335.4312757201644
50.78081180811809
71.30370370370385
74.98297872340439
