-1.2536082474226014
-57.031250000000405
-50.49504950495157
-64.78873239436669
-93.00699300699199
-86.3481228668934
-57.51633986928207
-20.079446640316135
-10.23894080996884
-9.42207357859531
-10.895238095238087
-93.00699300699199
-92.0634920634911
-93.0795847750855
-92.98245614034987
-94.20289855072356
-93.39933993399237
-93.35548172757372
-93.0795847750855
-93.58974358974254
-93.1972789115636
-92.39543726235644
-92.53731343283484
-92.36641221373948
-93.10344827586104
-92.7007299270063
-92.83154121863699
-92.88256227757907
-93.24324324324222
-93.56913183279639
-92.9328621908117
-92.9328621908117
-94.52054794520438
-93.00699300699199
-92.75362318840479
-93.127147766322
-93.00699300699199
-92.45283018867826
-92.39543726235644
-93.35548172757372
-92.88256227757907
-92.95774647887222
-93.22033898304981
-93.58974358974254
-93.86503067484557
-93.50649350649246
-92.45283018867826
-93.0313588850164
-93.44262295081863
-93.39933993399237
-93.00699300699199
-93.3333333333323
-93.15068493150582
-92.619926199261
-92.5925925925916
-92.77978339350081
-92.88256227757907
-94.13489736070274
-93.05555555555453
-93.48534201954294
-92.83154121863699
-92.2480620155029
-94.04761904761797
-92.90780141843871
-92.56505576208079
-93.10344827586104
-93.10344827586104
-94.30199430199322
-93.26599326599224
-93.37748344370758
-93.1972789115636
-92.77978339350081
-93.3333333333323
-94.10029498524966
-92.42424242424144
-93.54838709677315
-92.85714285714185
-92.7007299270063
-92.0318725099592
-93.26599326599224
-92.7007299270063
-92.83154121863699
-92.95774647887222
-93.1972789115636
-93.39933993399237
-93.63057324840659
-93.39933993399237
-92.18749999999903
-92.30769230769133
-92.95774647887222
-93.8271604938261
-93.42105263157791
-93.44262295081863
-93.28859060402581
-93.26599326599224
-92.2779922779913
-92.75362318840479
-92.619926199261
-93.97590361445677
-93.0313588850164
-93.46405228758066
-93.67088607594832
-93.22033898304981
-93.24324324324222
-93.31103678929662
-92.56505576208079
-92.83154121863699
-92.77978339350081
-92.95774647887222
-93.48534201954294
-93.93939393939287
-93.35548172757372
-93.17406143344607
-93.56913183279639
-93.35548172757372
-93.93939393939287
-93.61022364217148
-94.10029498524966
-93.92097264437584
-92.80575539568244
-93.26599326599224
-93.48534201954294
-93.73040752350991
-92.90780141843871
-93.05555555555453
-93.17406143344607
-93.22033898304981
-93.67088607594832
-90.09900990098924
-94.10029498524966
-92.5925925925916
-93.37748344370758
-92.56505576208079
-93.0313588850164
-93.61022364217148
-93.50649350649246
-93.05555555555453
-93.73040752350991
-93.26599326599224
-93.69085173501472
-92.83154121863699
-93.0795847750855
-92.33716475095687
-91.45299145299052
-92.83154121863699
-93.39933993399237
-94.2857142857132
-92.53731343283484
-93.44262295081863
-93.46405228758066
-92.90780141843871
-92.95774647887222
-92.90780141843871
-93.86503067484557
-92.75362318840479
-93.3333333333323
-93.3333333333323
-93.44262295081863
-91.80327868852363
-93.26599326599224
-93.0795847750855
-93.78881987577535
-93.74999999999895
-93.1972789115636
-91.86991869918603
-93.22033898304981
-93.28859060402581
-93.48534201954294
-92.619926199261
-92.75362318840479
-93.48534201954294
-93.58974358974254
-93.31103678929662
-93.0313588850164
-93.3333333333323
-93.15068493150582
-93.10344827586104
-93.26599326599224
-92.95774647887222
-92.30769230769133
-92.15686274509707
-92.72727272727172
-92.15686274509707
-93.10344827586104
-93.92097264437584
-92.83154121863699
-92.85714285714185
-93.44262295081863
-92.75362318840479
-93.0795847750855
-93.0795847750855
-93.71069182389832
-94.10029498524966
-93.58974358974254
-92.30769230769133
-92.98245614034987
-93.0313588850164
-92.88256227757907
-93.26599326599224
-92.30769230769133
-91.8367346938766
-93.46405228758066
-92.95774647887222
-92.21789883268384
-93.48534201954294
-93.28859060402581
-93.31103678929662
-92.2779922779913
-91.99999999999903
-93.15068493150582
-92.80575539568244
-93.76947040498337
-92.9328621908117
-92.45283018867826
-93.28859060402581
-94.01197604790312
-91.86991869918603
-92.619926199261
-92.12598425196754
-92.7007299270063
-93.67088607594832
-92.53731343283484
-92.39543726235644
-92.88256227757907
-93.42105263157791
-93.127147766322
-93.69085173501472
-92.53731343283484
-94.08284023668531
-93.15068493150582
-92.09486166007808
-93.73040752350991
-93.67088607594832
-92.85714285714185
-92.83154121863699
-93.92097264437584
-92.88256227757907
-92.619926199261
-92.4812030075178
-92.33716475095687
-93.84615384615279
-92.30769230769133
-93.17406143344607
-93.54838709677315
-93.28859060402581
-93.10344827586104
-92.56505576208079
-92.12598425196754
-93.3333333333323
-93.00699300699199
-93.31103678929662
-92.83154121863699
-93.69085173501472
-93.0313588850164
-92.77978339350081
-93.42105263157791
-93.22033898304981
-93.0795847750855
-92.7007299270063
-93.69085173501472
-92.9328621908117
-92.80575539568244
-92.9328621908117
-92.12598425196754
-93.31103678929662
-93.90243902438918
-92.21789883268384
-92.619926199261
-92.50936329587915
-93.00699300699199
-92.36641221373948
-94.60916442048408
-92.67399267399168
-93.52750809061384
-93.31103678929662
-93.1972789115636
-92.64705882352841
-93.17406143344607
-91.86991869918603
-93.52750809061384
-93.61022364217148
-93.35548172757372
-93.61022364217148
-93.39933993399237
-93.28859060402581
-92.39543726235644
-93.42105263157791
-93.8837920489286
-93.35548172757372
-93.00699300699199
-92.45283018867826
-92.45283018867826
-93.1972789115636
-93.0313588850164
-93.52750809061384
-92.18749999999903
-92.77978339350081
-92.42424242424144
-92.5925925925916
-93.56913183279639
-92.95774647887222
-91.18942731277441
-89.24731182795617
-93.15068493150582
-92.18749999999903
-93.95770392749138
-92.85714285714185
-93.61022364217148
-93.0313588850164
-93.69085173501472
-92.42424242424144
-92.95774647887222
-94.02985074626758
-93.63057324840659
-93.54838709677315
-92.9328621908117
-93.28859060402581
-93.44262295081863
-93.24324324324222
-92.77978339350081
-93.00699300699199
-93.44262295081863
-93.93939393939287
-93.1972789115636
-93.65079365079261
-93.31103678929662
-92.85714285714185
-93.73040752350991
-93.97590361445677
-92.9328621908117
-93.127147766322
-93.58974358974254
-94.13489736070274
-90.50632911392316
-93.63057324840659
-93.0313588850164
-92.7007299270063
-93.73040752350991
-93.28859060402581
-93.8271604938261
-93.10344827586104
-93.67088607594832
-92.4812030075178
-93.15068493150582
-93.71069182389832
-93.17406143344607
-92.72727272727172
-93.17406143344607
-92.64705882352841
-93.05555555555453
-93.44262295081863
-93.84615384615279
-92.5925925925916
-93.65079365079261
-92.9328621908117
-93.05555555555453
-93.05555555555453
-92.56505576208079
-92.77978339350081
-91.52542372881263
-93.24324324324222
-93.0313588850164
-91.99999999999903
-92.67399267399168
-92.50936329587915
-92.50936329587915
-93.1972789115636
-93.73040752350991
-93.0313588850164
-94.10029498524966
-93.00699300699199
-93.74999999999895
-92.98245614034987
-92.85714285714185
-93.0313588850164
-92.50936329587915
-92.33716475095687
-93.00699300699199
-92.09486166007808
-93.74999999999895
-93.54838709677315
-92.5925925925916
-93.8271604938261
-93.1972789115636
-92.77978339350081
-93.35548172757372
-91.48936170212673
-92.64705882352841
-94.35028248587462
-93.35548172757372
-93.31103678929662
-93.37748344370758
-93.37748344370758
-92.72727272727172
-92.21789883268384
-93.44262295081863
-94.21965317918966
-93.80804953560265
-92.67399267399168
-92.67399267399168
-92.50936329587915
-93.26599326599224
-93.50649350649246
-93.42105263157791
-92.77978339350081
-93.0795847750855
-93.05555555555453
-92.9328621908117
-93.22033898304981
-92.9328621908117
-93.35548172757372
-93.1972789115636
-92.95774647887222
-93.10344827586104
-93.05555555555453
-93.95770392749138
-94.13489736070274
-93.8271604938261
-92.85714285714185
-93.42105263157791
-93.26599326599224
-93.10344827586104
-93.52750809061384
-92.80575539568244
-92.77978339350081
-93.28859060402581
-92.36641221373948
-92.2480620155029
-93.1972789115636
-92.64705882352841
-91.76954732510193
-92.33716475095687
-91.7355371900817
-93.78881987577535
-93.58974358974254
-93.69085173501472
-93.1972789115636
-92.2480620155029
-92.67399267399168
-92.39543726235644
-92.95774647887222
-93.15068493150582
-92.75362318840479
-93.15068493150582
-93.92097264437584
-93.92097264437584
-93.00699300699199
-92.75362318840479
-92.56505576208079
-93.3333333333323
-93.22033898304981
-93.46405228758066
-93.1972789115636
-93.22033898304981
-92.7007299270063
-92.80575539568244
-93.65079365079261
-92.4812030075178
-93.71069182389832
-93.1972789115636
-92.90780141843871
-93.67088607594832
-94.13489736070274
-93.31103678929662
-92.30769230769133
-92.77978339350081
-93.28859060402581
-93.0795847750855
-93.58974358974254
-93.00699300699199
-92.67399267399168
-93.00699300699199
-93.63057324840659
-93.86503067484557
-92.7007299270063
-93.54838709677315
-93.69085173501472
-93.26599326599224
-92.12598425196754
-92.21789883268384
-92.83154121863699
-93.73040752350991
-92.09486166007808
-92.5925925925916
-92.90780141843871
-93.61022364217148
-92.45283018867826
-93.84615384615279
-94.08284023668531
-93.15068493150582
-92.4812030075178
-93.69085173501472
-93.0313588850164
-93.1972789115636
-92.2779922779913
-92.64705882352841
-92.53731343283484
-93.44262295081863
-93.37748344370758
-92.619926199261
-93.69085173501472
-93.00699300699199
-93.22033898304981
-92.45283018867826
-92.39543726235644
-92.619926199261
-94.04761904761797
-92.33716475095687
-92.95774647887222
-92.75362318840479
-93.56913183279639
-94.02985074626758
-93.3333333333323
-93.73040752350991
-93.54838709677315
-92.39543726235644
-91.99999999999903
-93.3333333333323
-92.18749999999903
-93.90243902438918
-93.48534201954294
-92.18749999999903
-93.56913183279639
-92.72727272727172
-93.69085173501472
-92.33716475095687
-93.10344827586104
-93.52750809061384
-92.77978339350081
-93.0313588850164
-92.56505576208079
-93.28859060402581
-92.83154121863699
-92.95774647887222
-93.15068493150582
-93.42105263157791
-93.22033898304981
-92.12598425196754
-93.17406143344607
-93.26599326599224
-92.7007299270063
-93.44262295081863
-93.46405228758066
-93.22033898304981
-93.3333333333323
-93.26599326599224
-93.24324324324222
-94.60916442048408
-92.85714285714185
-92.88256227757907
-94.39775910364037
-93.39933993399237
-93.54838709677315
-92.95774647887222
-93.93939393939287
-92.85714285714185
-93.31103678929662
-92.67399267399168
-93.73040752350991
-91.96787148594281
-92.67399267399168
-93.78881987577535
-93.0313588850164
-91.86991869918603
-93.78881987577535
-92.2779922779913
-93.44262295081863
-93.28859060402581
-92.95774647887222
-92.42424242424144
-93.42105263157791
-93.37748344370758
-92.619926199261
-92.80575539568244
-92.53731343283484
-92.7007299270063
-94.02985074626758
-92.98245614034987
-93.15068493150582
-92.85714285714185
-91.66666666666572
-93.39933993399237
-92.18749999999903
-93.00699300699199
-94.15204678362466
-93.15068493150582
-93.10344827586104
-92.90780141843871
-92.98245614034987
-93.37748344370758
-93.50649350649246
-93.31103678929662
-93.24324324324222
-92.7007299270063
-93.00699300699199
-92.90780141843871
-93.73040752350991
-92.75362318840479
-92.98245614034987
-92.39543726235644
-93.15068493150582
-91.80327868852363
-93.63057324840659
-93.44262295081863
-93.31103678929662
-92.80575539568244
-93.37748344370758
-93.84615384615279
-93.42105263157791
-93.22033898304981
-93.44262295081863
-93.61022364217148
-93.127147766322
-93.65079365079261
-93.127147766322
-91.96787148594281
-93.00699300699199
-93.67088607594832
-92.80575539568244
-93.127147766322
-93.15068493150582
-92.0318725099592
-93.44262295081863
-92.90780141843871
-93.54838709677315
-92.85714285714185
-92.95774647887222
-93.46405228758066
-94.04761904761797
-91.66666666666572
-93.65079365079261
-93.48534201954294
-92.21789883268384
-92.88256227757907
-93.76947040498337
-93.86503067484557
-93.0795847750855
-93.05555555555453
-93.31103678929662
-93.31103678929662
-93.0795847750855
-92.36641221373948
-93.78881987577535
-92.9328621908117
-93.46405228758066
-93.69085173501472
-93.10344827586104
-93.05555555555453
-93.61022364217148
-93.56913183279639
-92.75362318840479
-93.31103678929662
-94.2528735632173
-93.46405228758066
-93.35548172757372
-93.42105263157791
-93.24324324324222
-93.0313588850164
-93.86503067484557
-93.37748344370758
-92.2480620155029
-93.39933993399237
-93.24324324324222
-93.54838709677315
-93.28859060402581
-93.1972789115636
-93.54838709677315
-92.5925925925916
-93.52750809061384
-93.92097264437584
-92.619926199261
-94.20289855072356
-93.48534201954294
-92.77978339350081
-92.45283018867826
-93.28859060402581
-93.37748344370758
-92.88256227757907
-92.33716475095687
-93.0313588850164
-92.98245614034987
-93.65079365079261
-92.77978339350081
-92.98245614034987
-92.5925925925916
-93.05555555555453
-92.88256227757907
-93.65079365079261
-93.58974358974254
-93.0795847750855
-93.10344827586104
-91.70124481327706
-93.17406143344607
-93.56913183279639
-93.26599326599224
-93.26599326599224
-92.12598425196754
-93.69085173501472
-93.24324324324222
-92.88256227757907
-92.88256227757907
-92.21789883268384
-92.83154121863699
-92.75362318840479
-93.54838709677315
-93.42105263157791
-92.77978339350081
-92.80575539568244
-94.13489736070274
-93.46405228758066
-92.09486166007808
-91.93548387096678
-93.46405228758066
-93.35548172757372
-93.1972789115636
-92.619926199261
-93.24324324324222
-93.54838709677315
-92.42424242424144
-93.42105263157791
-93.15068493150582
-94.236311239192
-93.71069182389832
-93.48534201954294
-92.45283018867826
-93.93939393939287
-93.3333333333323
-93.17406143344607
-93.00699300699199
-93.58974358974254
-92.2480620155029
-93.39933993399237
-93.17406143344607
-93.71069182389832
-93.52750809061384
-92.2480620155029
-92.80575539568244
-92.619926199261
-93.56913183279639
-93.24324324324222
-92.80575539568244
-92.50936329587915
-93.42105263157791
-93.127147766322
-93.0313588850164
-93.42105263157791
-93.0795847750855
-92.88256227757907
-93.74999999999895
-93.76947040498337
-92.50936329587915
-93.35548172757372
-92.42424242424144
-93.05555555555453
-93.56913183279639
-93.39933993399237
-93.58974358974254
-93.127147766322
-93.56913183279639
-93.17406143344607
-93.54838709677315
-91.93548387096678
-93.56913183279639
-93.56913183279639
-93.05555555555453
-93.39933993399237
-93.8837920489286
-93.17406143344607
-93.56913183279639
-91.99999999999903
-92.98245614034987
-92.64705882352841
-93.42105263157791
-93.61022364217148
-92.77978339350081
-92.95774647887222
-92.77978339350081
-93.58974358974254
-93.0313588850164
-93.80804953560265
-93.0795847750855
-93.22033898304981
-91.80327868852363
-92.75362318840479
-93.0313588850164
-93.24324324324222
-93.0313588850164
-93.46405228758066
-93.42105263157791
-93.26599326599224
-92.39543726235644
-92.39543726235644
-92.88256227757907
-93.127147766322
-92.4812030075178
-93.26599326599224
-93.39933993399237
-93.76947040498337
-92.88256227757907
-92.88256227757907
-93.52750809061384
-93.22033898304981
-93.15068493150582
-92.0634920634911
-93.10344827586104
-92.7007299270063
-93.22033898304981
-93.67088607594832
-93.97590361445677
-93.35548172757372
-93.73040752350991
-92.98245614034987
-93.10344827586104
-93.63057324840659
-93.35548172757372
-93.71069182389832
-92.64705882352841
-92.2480620155029
-92.88256227757907
-92.67399267399168
-93.37748344370758
-93.69085173501472
-92.75362318840479
-91.9028340080962
-93.58974358974254
-93.10344827586104
-93.26599326599224
-92.90780141843871
-93.00699300699199
-92.77978339350081
-93.37748344370758
-92.90780141843871
-92.30769230769133
-93.39933993399237
-93.15068493150582
-93.15068493150582
-92.619926199261
-94.2528735632173
-92.619926199261
-93.76947040498337
-93.17406143344607
-92.95774647887222
-92.9328621908117
-93.74999999999895
-92.90780141843871
-93.54838709677315
-93.1972789115636
-93.0795847750855
-92.80575539568244
-92.64705882352841
-93.10344827586104
-92.80575539568244
-93.80804953560265
-93.127147766322
-93.05555555555453
-93.56913183279639
-93.37748344370758
-91.86991869918603
-93.00699300699199
-93.39933993399237
-92.77978339350081
-93.35548172757372
-92.42424242424144
-92.88256227757907
-92.77978339350081
-92.67399267399168
-93.90243902438918
-92.7007299270063
-92.88256227757907
-92.98245614034987
-92.95774647887222
-93.58974358974254
-93.56913183279639
-93.10344827586104
-93.31103678929662
-93.56913183279639
-91.4163090128746
-93.17406143344607
-93.35548172757372
-92.90780141843871
-93.76947040498337
-93.15068493150582
-92.7007299270063
-93.22033898304981
-92.5925925925916
-93.50649350649246
-92.98245614034987
-93.86503067484557
-91.99999999999903
-94.42896935933038
-93.44262295081863
-93.48534201954294
-93.69085173501472
-93.46405228758066
-92.72727272727172
-93.56913183279639
-93.80804953560265
-93.44262295081863
-93.52750809061384
-92.83154121863699
-93.39933993399237
-92.77978339350081
-92.80575539568244
-92.619926199261
-92.42424242424144
-93.69085173501472
-93.17406143344607
-92.80575539568244
-93.26599326599224
-92.98245614034987
-93.61022364217148
-93.71069182389832
-92.83154121863699
-92.18749999999903
-93.46405228758066
-93.24324324324222
-92.72727272727172
-92.7007299270063
-92.75362318840479
-93.67088607594832
-94.2528735632173
-93.05555555555453
-93.15068493150582
-93.46405228758066
-93.28859060402581
-93.0795847750855
-92.18749999999903
-93.35548172757372
-93.42105263157791
-92.56505576208079
-93.3333333333323
-92.85714285714185
-92.36641221373948
-93.52750809061384
-93.1972789115636
-92.75362318840479
-93.10344827586104
-92.98245614034987
-92.64705882352841
-92.83154121863699
-92.77978339350081
-93.52750809061384
-93.67088607594832
-93.84615384615279
-93.44262295081863
-92.7007299270063
-93.22033898304981
-93.10344827586104
-92.90780141843871
-91.76954732510193
-92.36641221373948
-93.1972789115636
-94.39775910364037
-93.78881987577535
-93.17406143344607
-93.24324324324222
-93.37748344370758
-92.50936329587915
-94.26934097421095
-91.99999999999903
-92.95774647887222
-93.26599326599224
-93.00699300699199
-92.98245614034987
-93.63057324840659
-93.71069182389832
-93.65079365079261
-92.80575539568244
-93.3333333333323
-93.22033898304981
-93.24324324324222
-93.39933993399237
-92.90780141843871
-93.0313588850164
-92.619926199261
-93.0313588850164
-93.69085173501472
-93.00699300699199
-92.64705882352841
-92.45283018867826
-93.17406143344607
-93.54838709677315
-92.88256227757907
-93.24324324324222
-92.53731343283484
-93.61022364217148
-92.619926199261
-92.5925925925916
-92.4812030075178
-93.35548172757372
-92.67399267399168
-93.67088607594832
-93.05555555555453
-93.52750809061384
-93.3333333333323
-93.3333333333323
-93.73040752350991
-93.26599326599224
-93.95770392749138
-92.90780141843871
