-50.93397683397711
-1.4727272727272585
-9.72810457516339
-12.133333333333326
-8.71549295774647
-11.403988603988596
-0.5273972602739754
-9.294557823129244
-9.248122866894189
-10.869794721407617
-10.46758409785932
-8.854295532646042
-8.263082437275978
-9.398679867986791
-9.55496688741721
-11.07878787878787
-8.507246376811585
-9.294557823129244
-10.516099071207421
-8.30145985401459
-7.918726591760292
-10.704878048780479
-8.14798534798534
-6.506557377049175
-7.632824427480907
-8.465124555160134
-9.106896551724132
-9.542105263157888
-9.331986531986523
-9.15429553264604
-10.241772151898727
-9.386486486486477
-8.30145985401459
-9.912987012987005
-10.061146496815278
-10.341772151898725
-9.42207357859531
-6.650847457627108
8.83184713375795
-2.560869565217388
-5.849458483754502
-1.36666666666666
-4.29999999999999
-1.5491803278688394
-2.202189781021886
-3.6666666666666643
-2.7946236559139734
-0.12447552447552113
-9.766666666666657
-6.539837398373976
-11.059701492537304
-6.078397212543544
-8.914285714285704
-7.927129337539421
2.33735408560311
-5.832155477031792
-3.822184300341288
6.832530120481913
4.816723549488042
-7.366233766233755
-10.312987012987003
-7.862406015037585
-10.038263665594847
-8.30145985401459
-10.401587301587293
-9.064912280701746
-9.785245901639335
-9.622073578595309
-10.261146496815277
-7.696124031007743
-9.666666666666657
-8.763082437275974
-8.607246376811585
-5.414388489208621
-9.065124555160132
-3.9149606299212536
-11.739306358381493
-6.593197278911555
-7.325559105431299
-7.118770226537206
-8.694117647058814
-7.152631578947359
-7.313355048859924
-9.701369863013689
-3.697979797979782
-6.376712328767113
-9.801369863013688
-10.91609907120742
-2.302189781021891
-2.460869565217383
0.4738351254479767
-4.097979797979789
-2.694623655913972
-5.995092024539863
-5.407977207977208
-3.042767295597521
-74.19354838709685
4.4507462686567045
-10.381703470031537
-8.494117647058815
-10.341772151898727
2.303030303030262
-8.963082437275974
-7.188704318936866
2.3687943262411224
-10.022073578595307
0.38086642599272835
-8.554545454545446
0.9026402640264024
-10.638940809968839
1.1666666666666607
3.0697508896797068
2.8685512367491057
-0.8450171821305901
-3.0946236559139777
3.520779220779218
5.658885017421582
4.002970297029698
-0.5222222222222754
4.56254681647939
4.5003344481605225
16.821299638989153
3.9081967213114766
7.757249070631957
-8.707246376811584
4.074100719424411
4.100332225913618
-9.93198653198652
3.5909090909090793
4.834482758620666
12.607092198581533
10.888135593220305
8.622222222222199
12.632394366197168
6.228469750889666
2.4701754385964776
6.37410071942444
4.090974729241836
2.068551236749098
3.5125827814569135
7.7008746355684785
-52.05479452054875
1.9556231003039457
4.500332225913624
4.000334448160526
4.020295202952028
4.862546816479394
2.069750889679696
54.51525423728802
-86.34812286689353
-86.75496688741653
-78.33935018050519
64.96440677966105
344.85547445255185
126.1142857142861
147.38821548821733
137.49487179487573
209.70858895705672
487.1886120996389
896.515679442495
867.6258992805593
556.83287671232
371.3843450479211
712.4999999999874
658.9655172413669
595.4887218044983
178.75806451612982
524.1868913857621
239.71269841269924
49.7
546.7992805755321
819.9999999999839
254.0654088050323
461.330158730154
792.6174496644136
713.6202657807206
219.78090614886844
328.0661971830979
42.67073170731696
353.05159235668475
556.705607476627
754.7142857142724
310.7389261744959
851.466666666653
302.6589123867057
370.9788844621489
319.9616438356156
497.79721254354854
686.0584905660291
849.4439560439458
148.62131147541083
277.7671232876711
387.9051094890499
617.8999999999925
586.6286713286651
904.1999999999834
843.4217391304257
455.1234567901197
168.52112211221177
213.8139534883728
331.97318007662676
494.3453237410016
298.04285714285675
493.8137931034421
269.9254777070064
397.94345047923093
140.96666666666707
112.60526315789502
792.9765886287455
427.9482758620639
383.24736842104954
320.7863013698615
718.6718146718019
504.92089552238133
390.59253731342955
124.22377850162925
328.38571428571305
447.7367697594466
411.86885813148564
494.3713450292357
800.3322259136104
237.63333333333492
392.3764478764452
611.9857142857045
825.0814332247367
838.9830508474427
645.9638795986504
341.3482758620668
858.9041095890234
908.2999999999844
559.917460317453
289.80522875816996
674.7122807017437
459.9374999999966
564.9750778816126
292.3821192052979
547.4790697674396
43.64840764331205
900.0999999999829
333.5003558718856
844.9922077921902
560.5999999999949
420.5555555555527
41.90031347962374
783.129411764692
850.2963696369544
257.82660550458826
531.64615384615
134.79576547231335
851.4439560439463
264.04705882352954
271.9012048192777
362.3491638795976
314.07164179104353
568.784536082468
605.3068965517158
914.499999999988
560.097643097635
916.8999999999858
908.9999999999889
418.7666666666627
494.8727272727218
339.07315436241544
860.6238805970021
462.2054054054026
330.5551020408159
920.6999999999863
426.8819672131119
489.79113924050114
598.1749999999945
317.42162162162134
112.48539325842725
910.499999999982
665.310256410249
370.8923076923069
367.00654205607333
612.6702875399293
365.4679245283
461.5007782101143
862.5131147540872
913.699999999982
908.1999999999799
920.7999999999923
909.3999999999855
913.3999999999819
908.4999999999887
84.98649517684902
903.4999999999916
914.9999999999876
928.4999999999867
137.27003058104046
908.5999999999883
101.24713804713826
918.6999999999887
259.3171974522296
348.02345276872916
142.25106382978788
925.3999999999944
109.38141263940548
919.9999999999917
642.2435986159124
916.4999999999836
345.92351097178596
922.5999999999855
474.75373134328095
718.7575163398565
919.199999999984
426.7566775244277
100.41538461538471
284.99079754601195
121.09442508710825
96.97575757575777
911.7999999999826
483.5715976331332
358.98985507246283
924.6999999999863
928.3999999999894
172.11111111111154
628.0568862275347
922.6999999999862
930.4999999999867
248.54223602484598
921.8999999999888
118.18154981549853
913.1999999999804
912.0999999999879
916.3999999999891
910.6999999999811
912.9999999999919
916.4999999999852
913.0999999999871
906.5999999999912
912.5999999999851
922.599999999991
862.8482972136121
911.2999999999915
932.9999999999928
920.7999999999851
916.9999999999925
914.0999999999922
902.4999999999794
915.7999999999824
922.6999999999861
631.5475218658822
926.5999999999896
128.38316498316536
919.5999999999938
129.8025723472671
913.1999999999819
575.9084507042198
910.4999999999856
729.9502890173255
144.52425249169488
625.0536912751602
687.3690140844974
917.7999999999877
912.8999999999876
488.25396825396535
330.9961832061069
910.3999999999824
916.4999999999877
772.4329305135789
915.6999999999938
913.5999999999824
392.0968197879847
710.0314465408669
99.38530351437727
608.206106870225
903.1999999999807
567.8294314381208
850.4809523809452
455.00843373493683
910.2999999999914
912.3999999999877
102.55490196078459
137.5421052631581
105.9877697841728
614.6090909090831
415.15211267605474
601.5293768545934
635.9287461773606
364.97565543071033
913.8999999999844
307.62402826855106
214.24912280701784
608.7894736842029
102.95087719298267
913.5999999999918
258.00000000000057
288.6508771929815
320.6666666666656
343.7494623655902
723.4872791519348
472.4085959885354
113.17586206896578
923.8999999999913
610.9951807228856
112.74814814814843
314.9707641196008
123.71428571428615
403.67922077921895
486.25870445343656
794.5940239043771
682.2932806324069
912.3999999999916
278.61126760563377
908.4999999999804
466.1136054421749
906.299999999983
299.6184713375786
81.00151975683909
864.2384615384491
133.448464163823
445.5999999999975
99.35797101449285
139.07440273037585
397.9076124567463
263.51111111111106
918.1999999999842
926.8999999999928
244.52546583850966
914.4999999999927
617.6088967971476
422.0776397515489
741.838129496393
286.0061728395067
379.70224719100963
865.8999999999882
615.9764705882287
604.0608996539755
703.0310559006109
113.27064846416414
901.29999999998
137.6833333333339
927.4999999999923
869.418960244631
313.020938628158
916.7999999999867
449.8940298507423
242.8571428571313
-46.37223974763484
-26.57342657342735
283.9009287925585
-30.000000000000778
188.6597938144373
43.71257485030278
233.33333333332902
713.3802816901243
831.7294117646907
154.31487603305825
777.1929824561217
180.45027932961005
862.3035087719156
369.1769230769226
856.6192170818423
900.4999999999802
919.799999999985
915.2999999999893
475.46503496503374
365.26020066889555
360.4757281553379
885.0299401197419
920.0999999999834
331.786581469648
287.4090909090915
404.54620462046086
871.1559055118051
708.9171974522112
581.466006600656
936.6999999999938
864.4038327526033
103.15490196078461
122.60912052117308
867.0069597069523
671.388498402549
115.37391304347858
922.8999999999858
918.099999999983
148.17992831541255
139.45633802816943
90.85419847328264
917.3999999999824
927.7999999999929
425.10145985401334
401.8831715210327
469.3659498207856
929.7999999999896
549.0745583038839
635.1641025640953
502.8627009646244
911.7999999999807
90.24581939799354
345.6285714285703
868.2055555555402
568.7109589041045
868.7035087719166
911.1999999999829
297.7295857988171
157.66842105263189
178.753968253969
707.2460122699323
326.42122186495044
919.9999999999849
918.9999999999835
167.6124567474052
278.50223463687183
130.65016835016874
385.23129770992296
609.9363636363563
153.63505976095647
372.8674267100966
867.6749049429509
919.7999999999902
142.31518987341798
112.10147601476044
289.07909407665477
416.4478547854767
137.4451737451742
98.4530612244899
606.9946587537034
908.3999999999795
674.6427609427519
924.099999999987
538.898194945844
449.951937984495
922.3999999999842
350.0714285714273
630.750326797377
930.199999999986
143.96923076923096
126.65533596837963
121.10000000000025
918.9999999999891
465.69411764705484
869.5162162162005
684.4767676767582
581.1639871382569
608.910469314075
508.19070631969885
517.8293906809994
924.399999999993
863.936654804262
417.9201438848894
630.8757961783334
924.1999999999865
464.9157894736798
326.90092879256906
150.07368421052658
117.08467153284698
432.3069767441838
266.22903225806465
485.275757575751
366.77256317689375
121.1947368421055
597.0124610591826
466.9249999999963
870.0312499999909
491.5272727272687
154.7818181818184
918.3999999999928
146.66701030927865
158.8301369863017
849.1684210526194
706.3837837837741
521.1281690140814
152.93763066202126
917.8999999999929
226.18490566037832
512.8537366548018
511.1444866920119
236.09069767441906
919.1999999999923
594.7769230769185
919.9999999999854
926.499999999992
917.0999999999829
110.9663230240553
86.00000000000014
361.53383458646454
364.9508196721298
178.36763485477246
337.98295819935544
566.390647482008
646.8727272727194
110.26666666666685
78.62416356877334
918.5999999999867
920.8999999999852
124.01428571428605
674.0481481481409
320.6035971223014
0.6690140845070545
430.1747292418741
299.38095238095207
319.7035971223014
308.78831615120237
344.1933110367888
227.73333333333437
110.96981132075487
299.4012578616347
571.2571428571366
344.99335548172644
311.6893238434163
117.94615384615409
10.262283737024223
275.3813953488375
134.95572519084007
305.43220338983
925.3999999999871
411.62222222222056
458.4827338129456
277.6582089552241
250.1346278317156
657.8013651877034
298.1683646112605
285.5333333333329
402.5737704918011
538.6111111111057
498.076895306855
630.6846416382162
864.2685920577572
311.9485049833882
804.1088560885561
216.97326007326038
372.3987654320981
334.6432525951552
136.59576547231322
687.5777777777655
449.4631067961127
367.05766423357653
121.07560137457074
924.5999999999847
919.9999999999933
866.7714285714172
451.81111111110783
141.69230769230813
930.1999999999862
466.8970802919692
559.6070234113661
342.3410256410255
871.0540925266823
676.6764705882274
285.97046979865763
264.48881118881155
301.154480286738
508.21392405062807
279.3197231833911
870.6777777777625
364.92186495176645
465.75806451612704
224.6637681159433
606.6774647887266
145.73150684931542
120.84285714285744
396.69999999999845
416.4513513513496
423.29965635738665
397.6547445255467
623.7456140350797
667.9510971786734
281.20232558139514
235.2620689655183
274.9493670886081
210.68235294117704
873.7896678966721
358.259322033897
330.91261829652825
108.91744548286641
469.4142857142835
864.8007092198504
271.2920529801326
175.39433962264204
394.3573839662435
869.898473282437
324.451263537905
225.30063694267596
342.99760479041777
561.5827586206834
218.93209876543332
322.9057877813492
924.399999999987
445.1003533568892
562.4070234113664
721.6470219435614
258.99672131147594
356.91571906354443
151.27924528301924
856.1755102040706
424.6534798534782
485.8510489510476
359.2454545454525
623.9999999999923
755.9530612244804
516.7148788927316
150.8894736842108
699.250847457619
247.20198675496738
202.3211838006241
274.60331125827827
619.6519480519413
444.21750841750475
306.7850174216025
545.4949416342378
458.2138801261777
554.0178438661667
270.4636363636361
24.77840531561455
340.8584269662911
319.42473498233204
859.3673716011899
925.0999999999914
713.983233532922
917.8999999999843
737.350819672123
93.17222222222252
268.17477744807184
361.4082191780809
561.4134831460635
906.599999999985
351.53636363636167
800.665551839451
624.3794520547875
104.39774436090258
156.5397379912667
166.93172804532625
355.39090909090845
297.6177304964541
373.00929368029597
363.26618705035787
278.4742765273308
352.78476821191987
357.987412587412
103.00491803278716
262.7393305439336
407.82877697841457
253.0571428571435
137.34487632508856
308.4111111111114
297.3555555555546
934.799999999995
229.4885245901653
410.2571428571403
151.48918918918957
369.58754448398446
414.7474747474716
455.34548736461744
332.17148014440306
387.70657439446256
420.1126582278453
87.4822629969423
409.7280276816595
866.9676056337887
154.30000000000038
120.39658703071711
562.0436293436231
166.24545454545478
340.02131147540905
629.4378640776628
420.9100671140928
50.93193277310921
921.9999999999919
614.3183279742699
130.02408026755901
469.38052434456563
930.6999999999924
256.57304582210327
370.4614035087693
351.5032362459533
652.7666666666586
412.6646643109532
364.4084175084159
262.64625407166193
151.29188191881957
367.0080291970799
339.433333333332
533.0962962962918
871.7307420494587
320.4105263157884
242.77777777777862
389.90902255638866
92.04584717607985
139.00794701986797
441.1003533568886
106.09395770392776
332.26491228070006
517.5718100890173
183.49644268774736
920.2999999999896
415.04785478547694
930.7999999999856
104.43088685015351
920.9999999999919
912.0999999999916
307.3249999999998
144.98148148148186
112.7481481481484
364.43906810035656
114.64545454545487
481.9504731861137
85.3739463601533
622.0243243243171
596.0756756756691
178.11311475409892
147.87360594795578
916.6999999999825
111.26741573033729
920.8999999999884
397.1459930313566
626.3749999999932
926.5999999999872
595.8885245901579
922.2999999999918
361.9839160839156
141.81818181818238
392.02724252491475
513.2915824915773
838.2659340659263
493.24782608695455
657.3425531914843
125.13307392996131
840.0985915492819
35.129787234042496
98.6364963503652
843.3303030302916
544.776056338024
927.3999999999922
924.5999999999851
326.2512635379051
33.61390728476814
328.2709030100333
252.98454258675127
371.99090909090626
427.74576271186214
642.757234726681
877.8715302491015
166.37956204379626
331.2675241157537
541.8271317829441
157.09204152249166
153.69844961240346
345.72926045015925
434.76748466257436
105.86129032258074
128.5079051383401
684.7658362989268
517.3255892255836
480.78754578754285
266.65210355987074
927.3999999999926
916.5999999999876
867.1857142856994
495.81724137930496
912.3999999999915
830.5665529010076
610.8063444108639
917.2999999999851
153.02985074626898
413.6830564784024
920.6999999999914
310.7744107744095
914.2999999999876
636.7227106227056
456.26242038215935
451.0135135135112
324.9808917197439
924.4999999999922
925.9999999999873
397.61612903225625
562.1056737588616
465.923028391162
914.0999999999857
118.53071895424875
922.2999999999855
122.9786008230455
914.8999999999891
118.7633027522941
-93.73040752350991
381.7731707317063
886.9706840390686
218.64736842105327
917.7999999999838
921.1999999999858
152.1571428571434
917.0999999999838
231.90000000000109
915.6999999999922
83.8503401360546
356.3222222222205
918.8999999999854
251.66115107913748
388.4607717041775
486.49272030650945
451.47313432835534
257.8105263157897
662.4815533980488
930.399999999985
544.2083067092609
644.3882352941107
289.5643312101905
493.7909774436042
580.920962199307
317.77080745341516
359.1333333333317
410.0857142857123
601.0740740740672
708.6869436201715
399.67453874538666
369.70942760942575
186.69075630252152
716.8058823529354
492.86749226005895
929.2999999999936
152.0893617021283
98.59623824451438
929.0999999999921
123.77446808510683
481.878260869563
844.6659340659265
125.6721611721614
116.10274914089374
663.9260273972523
121.63015873015908
274.29016393442646
211.4191489361713
205.37272727272767
35.61409395973145
918.699999999984
917.1999999999825
120.64915824915855
611.574829931969
128.4221374045805
365.04732824427447
41.49811320754712
198.691245791247
869.6567944250769
664.2107382550263
282.8068965517247
239.34657534246605
126.66162361623648
492.1846625766834
414.0562499999981
555.8741444866876
923.3999999999924
375.7565891472866
931.4999999999941
928.5999999999922
140.88219178082224
925.5999999999874
870.6981132075305
516.6115830115773
136.67500000000032
657.3508771929723
233.2882783882788
128.4405405405408
310.8384105960262
323.6711864406773
307.354929577465
882.1122807017426
218.69750778816305
53.63783783783782
76.74063604240287
354.16462585033935
311.38461538461553
381.34426229508034
517.1175824175796
924.4999999999865
303.0387096774191
302.68705501618047
922.8999999999893
136.76938775510223
565.7689530685877
623.3564885496148
498.9856088560863
137.2772241992887
142.26101694915286
845.5235294117517
452.48450704225155
358.90728476821096
140.08333333333388
292.55714285714276
180.91660649819528
31.397435897435848
449.72527075811945
33.73706293706291
116.64346289752669
32.30606060606058
427.1864864864848
249.01693811075012
921.4999999999935
365.8424242424225
346.1377952755899
296.83877551020396
26.484615384615353
467.7117647058803
135.43344051446968
145.0065573770497
378.5999999999975
294.86097560975645
258.8973063973071
149.21178707224385
