-16.432824427480906
-7.332824427480908
-9.528104575163391
-9.612987012987006
-77.69516728624535
27.668421052631487
5.294736842105237
3.7512820512820504
17.09999999999996
8.460992907801387
-11.691719745222892
-18.93622291021665
-8.54848484848484
-9.97948717948717
-10.141772151898726
-8.813986013986005
-8.915602836879424
-2.847368421052625
-71.63120567375887
-85.45454545454484
-16.193069306930955
37.64518272425242
10.091743119265594
28.51052631578942
26.437704918032757
24.20561056105599
24.421768707482947
40.410958904113016
27.939057239057213
-35.59322033898386
315.492957746468
29.810810810810736
265.3451612903233
18.717770034842943
576.579925650546
93.433333333334
173.7642585551379
86.32821576763645
-19.71359516616377
46.78899082569139
48.00000000000398
53.492334494773516
-1.5499999999995566
53.594771241834245
449.4505494505448
0.8097744360896684
275.8389261744839
29.48028169014075
-26.530612244898773
135.09933774834926
700.6993006992843
-8.771929824561234
1.143790849673202
177.02702702703206
598.8568265682602
296.6101694915085
542.5992779783242
365.03496503495086
212.49999999999568
275.32773109243743
172.13114754098874
39.06551724137925
27.123529411764622
-74.54545454545453
848.4126984126833
200.29288256227844
35.00677966101686
277.78108108108165
303.3113553113545
129.5647482014392
333.1153846153846
250.04520547945248
57.74267912772588
163.34719101123625
370.36412213740454
86.85121107266932
120.47241379310373
233.3697674418614
34.68235294118027
322.0523809523787
141.6107382550384
4.615384615385754
187.4015748031545
343.0379746835275
146.71052631579428
132.21850533807887
315.54054054052574
262.06896551722326
940.2999999999927
44.36635514018691
99.56813186813207
118.54304635762091
1.8867924528310462
245.91194968552117
155.55555555556046
242.56055363320465
276.14444444444484
81.81818181818687
264.583333333317
-8.591549295773836
112.20747330960882
106.34875444839898
77.86561264822629
479.3836601307161
208.72483221476105
144.51410658307742
84.37251908397309
147.31182795699436
128.84012539185485
180.52805280528537
-22.26148409894041
338.6617100371578
267.64705882351285
390.1489208633074
60.88328075710271
243.4794701986758
342.4460431654492
130.76923076923583
196.29629629629835
174.5762711864456
203.054838709671
145.84717607973963
47.12499999999997
174.63790613718717
319.999999999982
243.51145038166678
356.8345323740834
288.5855421686738
270.3931034482755
246.80134680133426
78.0111111111112
541.1960132890223
308.30449826988024
491.1277777777742
267.81609195401074
460.2734439834018
24.16107382550546
260.8482758620686
235.66901408450804
79.30124223602498
316.9611307420325
507.9136690647292
70.64846416382773
30.293159609123073
183.01886792453334
47.058823529415676
40.46822742475274
184.17266187050805
649.1289198606113
401.77935943058964
15.384615384616406
425.5474452554581
342.56756756755294
437.0370370370227
915.1999999999903
664.9006622516446
168.88217522659093
206.12244897959343
531.5789473684058
198.38947368421532
222.06610169491614
-55.974842767296366
74.60317460317975
7.279693486589039
7.594936708859793
93.25153374233568
92.14265734265726
226.26823104693196
-54.225352112676774
-2.821316614420068
286.86575342465756
10.726643598617146
-3.4482758620686953
-22.033898305085483
28.289473684212936
240.40689655172434
3.202846975089951
143.58974358974848
137.179487179492
274.1480427046285
190.8496732026178
211.52647975077966
109.09090909091051
145.09803921568601
534.3283582089385
352.22929936303956
478.4992907801397
309.8999999999912
349.18917197452026
334.0567567567565
207.64626865671687
389.23076923075456
33.85449101796584
260.9022556390799
155.97269624573897
562.6345195729492
317.6609271523178
247.61904761904765
274.0188087774298
445.0099616858178
932.4999999999949
16.104868913859427
482.2711610486872
88.47491166077755
303.0149253731336
187.12277227722814
195.4154929577473
583.7455516014205
437.1621621621457
241.03264604810784
189.47368421052767
444.16989619377034
312.3711340206021
342.0925795053002
73.77049180328382
817.6029962546675
194.32694610778535
297.1488599348536
176.15376344086067
246.632394366198
326.8804511278185
613.7813148788881
219.4754385964919
486.0981191222509
741.5310104529547
251.97368421050973
532.1945945945918
214.07942238266526
376.45429362879486
142.8181818181822
115.90629921259867
134.42136498516834
100.78013468013486
282.40365448504974
166.4359861591744
527.8317152103378
533.8983050847287
142.1052631578994
691.9870503597027
350.2744360902249
921.4999999999917
235.52631578946406
500.3329317269048
618.7749003984035
237.70491803277523
379.9181818181812
350.11503759398187
228.09999999998905
306.0488054607497
688.4322580645114
358.516417910446
913.7999999999836
129.85714285714326
271.30952380952033
121.21212121212625
282.84754098360634
280.64505119453906
312.24421768707464
318.7138364779849
286.7924528301718
348.48446601941407
143.75000000000506
587.1771331057954
-65.62500000000067
252.88679245283055
163.6363636363687
38.047138047141246
352.14521452143833
328.0575539568196
165.8227848101321
641.7517374517247
300.6968641114824
44.444444444448266
546.769491525419
277.49690721649256
272.3413793103442
133.84615384615864
323.7277777777775
653.6231884057823
247.65624999998528
402.08644067796024
413.93188854487585
369.53225806451326
494.1176470588072
262.3188405796932
435.8255451713241
482.4175824175659
231.53589743589802
254.83870967740285
258.30618892506476
427.2727272727095
-62.825278810409706
431.05590062109934
504.56273764256844
909.7999999999902
621.6494845360647
417.2413793103287
276.2057877813336
684.5071174377169
927.2999999999845
925.0999999999901
376.9232974910381
277.3846975088969
236.76975945015997
676.9516728624372
922.4999999999889
-3.1141868512104636
258.15602836877747
925.3999999999878
917.499999999981
673.7100775193778
220.4166666666676
522.047244094475
338.66171003716073
378.72340425530246
214.66871165644199
352.8140221402208
319.1275167785234
293.6294964028774
579.7168141592895
347.9494623655907
470.51783439489975
339.68871595329244
933.8999999999949
-4.76190476190421
196.3337662337688
738.4879725085724
527.2499999999944
741.924398625411
211.41868512110335
481.2111111111098
795.3646258503356
931.8999999999884
196.66666666666703
354.29365079365067
281.8813953488375
918.0999999999918
303.8454545454533
278.51456953642395
396.1966542750916
409.3354581673283
683.6629392971174
296.5969283276446
231.48421052631593
309.1832214765106
423.1030075187939
572.4738675958026
199.67426710097646
324.3019169329072
759.7560975609584
670.2702702702509
306.64324324324406
375.49364548494907
389.5833333333168
292.6174496644136
576.8382252559658
534.4571428571385
306.2949367088606
253.38345864659962
926.5999999999837
922.699999999983
303.44149659863933
929.1999999999917
471.4285714285543
691.1392405063145
539.4984326018636
376.3636363636196
516.9849056603733
433.5689045936243
334.26294820715407
323.33333333332456
334.0277777777619
181.64556962025873
624.014336917546
579.9361370716445
381.9672131147377
597.6744186046378
919.8999999999834
469.8837209302285
377.7070063694108
613.7295081967147
-1.0989010989002932
925.3999999999849
229.44606413993307
443.54060150375653
368.8225806451613
226.46111111111205
238.07829181493906
941.7999999999948
332.3308270676506
939.5999999999916
931.0999999999855
677.0491803278522
829.5774647887114
675.7352941176279
928.8999999999849
327.2968051118209
917.2999999999834
654.578754578739
926.2999999999857
303.8151515151505
935.999999999987
827.6315789473545
377.1084745762699
927.1999999999896
740.42553191488
623.2704402515524
875.4385964912079
708.0495356037014
198.12376237623798
150.78369905956643
677.3972602739534
237.8612794612804
922.8999999999822
184.61362126245936
337.23710691823663
175.68314606741592
169.2307692307742
926.2999999999855
732.2981366459437
927.299999999993
-2.077151335310953
388.5245901639178
558.9701754385898
848.2071713147275
125.72151898734245
218.88544891640288
234.5569536423847
921.599999999992
247.10769230769245
397.83132530120236
505.63380281688467
274.6114754098362
688.3959044368394
757.7235772357602
480.50598006644117
928.7999999999874
196.55172413793107
925.0999999999838
712.916403785479
481.22054794520204
549.7968253968218
927.8999999999869
671.1423728813478
127.89115646258983
927.0999999999933
924.4999999999847
905.2999999999804
684.2191637630573
946.2999999999889
248.00000000000057
922.499999999984
430.5343511450233
790.4029850746172
535.2201257861437
915.399999999992
841.9795221842802
271.5170278637616
938.399999999994
-2.777777777777039
136.25747508305687
247.6551319648101
145.8793774319069
470.987654320972
-0.6622516556283667
876.5774086378675
103.22941176470603
171.77700348432555
427.8367697594399
292.2142857142857
259.59369085173523
930.4999999999894
862.9551839464704
308.7837837837674
181.47972027972068
3.4685512367491107
12.59649122807015
920.8999999999843
927.6999999999938
313.19444444442905
228.73684210526343
937.0999999999913
854.3624113475105
668.1784194528798
148.9444444444456
929.499999999987
688.0434782608562
490.0476635513968
419.1637630661867
735.1931034482665
932.5999999999862
931.4999999999851
64.43809523809526
59.95973154362417
8.76503496503495
88.888888888894
724.5999999999926
264.7818181818182
218.3992673992681
925.7999999999871
319.79522184298554
940.9999999999951
85.97560975610276
925.2999999999864
388.15594405594396
88.5521885521938
934.1999999999848
930.1999999999864
711.740785498477
148.21081081081124
927.9999999999936
934.199999999987
412.27777777777675
925.9999999999907
405.2631578947202
299.13202416918347
542.633228840108
467.82857142856847
934.6999999999915
249.83498349833542
875.4307420494586
546.3414634146179
634.7670250895883
327.8849673202609
393.824390243901
435.05535055348895
734.5588235293932
865.3979238754208
941.9999999999941
625.5498141263902
937.7999999999932
394.3448844884471
896.9551724137806
921.399999999992
446.1999999999995
688.4057971014297
926.0999999999865
29.62312925170064
918.7999999999918
527.0352941176436
869.7802197802116
289.96957928802533
159.88700564972243
329.0123456789973
284.45945945946005
565.5243727598518
164.00000000000045
55.087261146496814
230.73114754098435
933.999999999992
934.4999999999865
175.86206896552198
928.5999999999877
338.30604026845566
539.0087719298178
70.00000000000001
357.14374999999905
923.3999999999826
248.46666666666738
201.8759036144587
474.0685314685308
-0.34364261168300597
629.8245614034888
556.0856269113073
237.7483443708501
200.43821656051026
115.339233038353
-10.344827586206794
342.3791821561164
326.17449664427903
684.2465753424466
411.56896551723867
286.7245614035079
935.0999999999877
177.97833935018483
917.0999999999796
250.21891891891892
930.0999999999866
432.5077399380658
697.3421926910147
439.4736842105102
930.999999999987
931.7999999999852
519.9398671096299
919.8999999999915
935.8999999999864
919.5999999999818
350.5119453924732
933.79999999999
938.1999999999897
161.39817629179853
281.102135231317
184.39969418960334
909.4999999999894
651.2999999999934
922.099999999988
921.9999999999837
310.342857142857
927.6999999999878
914.0999999999821
587.4769230769141
561.478599221773
920.6999999999865
760.1823708206535
711.5132867132799
932.3999999999951
928.4999999999939
235.76642335765317
240.6249999999879
491.8254612546111
887.9882352941042
884.7314685314576
565.2360515021354
324.5293706293706
882.0210526315658
324.2424242424063
591.4999999999945
904.5999999999806
435.0660777385156
291.1796178343943
199.3215805471133
300.6904109589038
-12.337662337662236
656.0333333333267
917.0999999999834
69.67509025271261
355.4376623376615
928.3999999999838
-14.373088685015267
611.4297658862823
870.7172413792982
450.6740157480296
17.303797468354396
11.413432835820874
4.808474576271173
407.0299212598412
316.4037854889409
923.6999999999856
821.33801916932
233.33333333332254
690.542960288806
628.1606557376994
921.3999999999822
671.9856677524335
932.9999999999927
925.0999999999848
445.56342412451227
416.5277108433719
239.10034602074867
346.2261484098938
737.0535117056744
-12.162162162162007
309.07272727272704
552.880118694356
236.10000000000042
620.9692307692267
851.7241379310142
507.74673539518506
432.84671532845107
888.7715302491031
912.7999999999838
925.099999999983
924.299999999992
847.3684210526106
681.5384615384471
243.99750889679774
437.906137184099
935.4999999999941
825.2336448597907
927.0999999999843
542.1325670498056
931.6999999999853
639.0850533807779
922.2999999999873
919.3999999999811
920.7999999999846
902.999999999991
331.24999999998283
932.1999999999862
931.899999999987
932.5999999999958
884.2945945945808
56.92307692308152
306.6595317725757
418.2499999999991
819.0416342412401
465.7565495207652
327.87058823529367
933.9999999999845
647.3379310344734
442.38196721311294
16.465863453817093
259.6315789473683
912.0999999999893
587.9401486988812
779.6232209737772
272.8750972762644
481.27508650517876
915.7999999999822
639.1867924528266
310.0949367088603
486.29498327759063
934.8999999999932
271.2074183976265
484.8683453237375
888.2697947213843
287.45387453872826
660.142105263149
334.5224719101119
908.0999999999782
224.52673267326776
919.49999999999
441.28947368420586
587.7192982455945
264.26037735849087
589.679421221858
854.0085271317793
516.5749999999955
909.6999999999903
0.3717472118968036
853.8461538461404
234.53374613003217
197.02970297029668
414.1644688644678
585.1241379310277
172.64684385382154
517.6631578947264
931.9999999999877
324.3372937293726
844.2084967320097
523.3766233766069
360.3909090909089
-8.759124087590925
928.3999999999827
512.3778501628502
926.9999999999852
337.29999999999905
144.58204334365857
945.2999999999979
343.7817610062875
676.7295597484068
466.3132616487431
300.68493150683224
365.29295774647875
936.7999999999951
271.5413793103445
4.477611940299617
923.499999999991
605.4794520547771
222.57377049180405
484.56973293766987
707.1895424836393
320.47037037037006
932.6999999999864
687.8918918918814
437.3495049504927
452.9367697594448
309.54285714285754
19.118611987381676
575.5636363636332
418.4842105263124
264.56723549488083
122.5519287833879
870.5267100977024
350.0999999999985
655.4990228012941
329.48169014084516
744.1459459459352
287.26111111111146
939.7999999999935
770.9904109588945
227.17385620915113
145.94172185430534
511.4740484429052
396.32352941174776
363.62012779552674
924.0999999999879
669.213523131668
653.3977917980937
649.9999999999804
504.8593220338968
332.14285714283903
69.06470588235298
221.9205128205134
744.5229681978615
39.800358422939006
884.7552238805872
259.04625407166026
247.22970297029553
732.5315614617854
762.1142857142777
466.7424657534125
409.0252707581046
703.4482758620499
49.346017699114995
915.9999999999835
926.1999999999875
662.2149837133367
439.8550724637518
133.00821917808244
-4.605263157894186
331.3584905660368
924.7999999999893
920.2999999999848
770.1646616541256
454.53392226148316
66.90508474576272
940.4999999999919
191.76515679442542
235.4456193353481
608.2676767676695
239.06348122866962
156.57894736842587
940.1999999999886
204.08204334365402
265.1700996677746
544.8735537190072
728.9805280528009
46.42208588957078
312.7947368421039
427.5017543859616
6.463878326997403
944.7999999999864
930.599999999986
525.1333333333312
926.6999999999855
946.4999999999953
64.14545454545454
871.6312056737441
389.307936507936
230.10613496932535
933.8999999999872
864.2641791044625
291.3146341463419
437.66494464944464
210.6129032258067
564.2462686567093
333.5239436619704
922.6999999999874
-4.482524271844648
881.8734767025007
359.08476821192
927.799999999986
306.8598513011151
933.1999999999886
282.4597701149428
356.46876790830663
931.6999999999911
189.52839879154135
927.0999999999927
352.3032362459524
918.1999999999856
154.77707006369923
797.0597014925243
524.0765472312657
81.23636363636366
242.30869565217398
68.00109890109897
57.70617283950615
908.3272727272614
395.38461538459944
608.3666666666643
892.5848739495777
665.0428571428503
882.4986577181078
509.05709570956867
913.4999999999847
667.6767676767521
928.8999999999884
203.3229299363063
923.9999999999831
245.2746835443047
278.63793103448234
932.5999999999938
916.6999999999811
646.1697068403829
470.87749196141004
609.2898550724615
332.3878787878786
329.7537414965987
251.40344827586205
922.899999999983
537.3388888888846
924.899999999986
287.0104529616723
558.0050359712174
934.8999999999861
786.9648648648532
92.4432098765433
634.0865900383113
239.97919463087277
576.045901639331
438.2059800664271
684.4620155038742
348.8999999999983
934.9999999999898
882.7681159420239
931.1999999999962
406.6940199335528
932.9999999999898
725.8865724381552
656.127397260267
928.2999999999937
935.6999999999881
182.46384180791003
929.0999999999899
675.9740259740076
926.6999999999856
642.4372093023209
945.3999999999972
925.9999999999844
671.4366197183032
926.5999999999933
921.8999999999868
319.166666666666
202.43548387096794
697.2972972972792
914.5999999999829
922.4999999999917
69.73934426229522
933.5999999999926
926.4999999999933
588.1566037735806
54.64576271186438
555.6438596491171
544.6338028168987
921.6999999999915
325.694701986755
926.7999999999828
906.6999999999813
926.1999999999819
926.8999999999934
206.66943521594777
692.6976588628617
635.1737373737222
413.35395189003293
924.4999999999902
623.6904024767769
306.53037974683525
119.9117647058826
609.5565916398655
919.699999999983
942.2999999999894
554.7567010309242
19.801449275362287
439.1887417218524
571.2987421383556
792.096761133593
307.9483516483512
923.2999999999861
927.1999999999932
881.0725552050338
920.1999999999848
927.8999999999869
672.0588235293925
933.299999999987
114.24814814814843
436.44878048780333
424.3055555555402
184.59444444444526
314.1414141413979
445.3698961937705
932.4999999999859
930.8999999999933
140.53058419244013
359.9655052264796
913.3999999999814
500.0557377049155
942.7999999999872
60.33673469387756
938.0999999999948
921.7999999999934
586.9656765676535
352.293286219081
915.1999999999931
936.6999999999919
935.4999999999948
661.5658362989167
795.9307692307614
427.83623693379565
51.09934640522877
362.83783783782235
799.6664259927762
275.91780821917797
40.32320441988943
324.73993399339275
293.1297709923498
440.5367041198487
298.0943925233644
931.0999999999881
207.21135646687767
702.8077490774866
436.4794871794858
183.3960339943346
270.4025641025645
737.349397590346
545.8526315789426
939.7999999999965
907.4999999999836
391.94604316546577
