-48.33948339483444
-93.37748344370758
-103.26666666666584
-10.659701492537305
-8.613986013986006
-8.263082437275978
-9.861146496815278
-9.04812286689419
-8.314285714285706
-52.68282208588984
-23.939306358381486
-9.861146496815278
-7.839852398523977
-8.314285714285706
-8.613986013986006
-3.394076655052263
-9.065724381625433
-93.26599326599224
-59.69196141479137
-10.454320987654313
-7.296124031007745
-9.231986531986523
-9.79677419354838
-9.32207357859531
-7.013725490196071
-7.674626865671634
-8.2115107913669
-6.889723320158096
-9.861146496815278
-9.442105263157888
-9.442105263157888
-10.177639751552787
-10.060815047021936
-10.177639751552787
-8.263082437275978
-7.332824427480908
-9.57068403908794
-7.894117647058817
-7.274329501915702
-7.830111524163561
-8.94812286689419
-8.564912280701748
-9.72810457516339
-9.622073578595309
-10.141772151898726
-8.529940119760468
-9.240677966101687
-9.05429553264604
-10.020447284345039
-10.377639751552787
-8.713986013986005
-9.628104575163391
-10.281703470031538
-87.01298701298631
-9.542105263157888
-9.3595667870036
-8.859169550173002
-8.713986013986005
-8.61549295774647
-12.772622478386154
-7.3357976653696415
-7.939852398523977
-7.815384615384605
-11.667584097859315
-8.511510791366899
-8.611510791366898
-10.255016181229763
-10.37948717948717
-10.620447284345037
-9.79677419354838
-10.420447284345038
-9.777181208053682
-10.420447284345038
-9.32207357859531
-11.439306358381494
-85.34798534798475
-92.98245614034987
-92.42424242424144
-93.10344827586104
-92.95774647887222
-92.88256227757907
-93.54838709677315
-93.84615384615279
-92.77978339350081
-93.58974358974254
-93.15068493150582
-93.10344827586104
-81.9775919732449
-86.79867986798611
-8.30145985401459
-85.33724340175893
9.70108303249095
-8.765724381625434
-84.32601880877688
-84.07643312101857
-82.81786941580708
-83.16498316498267
-74.63768115942025
-83.66013071895372
-82.01438848920822
-83.76623376623324
-84.27672955974788
-84.79087452471425
-22.17340823970033
-17.12147651006707
-20.806557377049145
-41.394980694980696
-43.03888888888896
-74.45255474452561
-9.777304964538967
-82.7586206896547
-86.9281045751627
-42.05862068965524
-85.07462686567105
-30.217482517482452
-76.51006711409389
-78.52760736196295
-3.6620689655172853
-78.39506172839485
-50.20921501706502
-7.6178694158075455
-9.12698412698411
-8.614285714285705
-10.46308243727597
-12.242105263157878
-85.02994011975989
-92.67399267399168
-92.4812030075178
-85.45454545454497
-85.8657243816248
-84.8484848484844
-88.02395209580763
-83.67346938775458
-85.86572438162482
-93.71069182389832
-87.05501618122919
-88.26666666666688
-86.57718120805302
-11.909933774834391
-36.794366197183024
6.842662116040955
-79.91967871485912
-48.77407407407448
-84.61538461538404
-38.169503546099236
-12.229729729729685
-75.38461538461533
-91.93548387096678
-85.23985239852298
-87.26114649681458
-86.9281045751627
-80.15873015872982
-82.39436619718265
-85.91549295774584
-65.51724137931103
-101.63888888888849
-9.643708609271503
-29.864983164983105
-11.007246376811576
-9.660130718954232
-9.321476510067091
-82.81786941580708
-85.1851851851846
-14.654320987654298
-84.12698412698359
-10.459566787003595
-11.054966887417205
-12.0220735785953
-10.181703470031538
-6.290476190476159
-75.60975609756093
-6.952554744525504
-5.5608695652173665
-11.781481481481448
-6.944186046511595
-4.077695167286212
-8.724475524475478
-5.645454545454507
-9.80655737704916
-4.47118644067794
-78.87323943661946
-11.94210526315788
-87.46081504702123
-88.505747126436
-86.88524590163865
-82.63888888888842
-84.27672955974788
-84.67432950191514
-85.55956678700299
-3.8103942652329454
-2.629241877256291
-8.729729729729698
-4.770370370370319
-4.754258675078809
4.814893617021266
1.37777777777778
1.1777777777777843
5.827272727272714
4.090140845070426
0.5780730897010073
1.2914089347079099
-1.054362416107363
-6.360606060606042
-8.715384615384602
-13.520447284345027
-12.05429553264603
-12.422073578595299
-7.298961937716248
-38.14210526315786
-12.277181208053673
-9.033333333333314
-54.330061349693445
-12.340677966101676
-6.912639405204443
-12.3549668874172
-12.696774193548368
-8.435153583617728
3.5418685121107316
1.3373831775700964
2.439776951672844
-3.671186440677946
-8.43888888888887
-76.02739726027389
-5.438754325259493
-12.59867986798678
-13.559169550172985
-12.618181818181782
-10.216030534351113
2.2697508896797167
-2.7863117870722363
9.41003861003858
-2.094444444444431
0.20540540540542906
1.7345864661653607
-9.700884955752189
-6.517981072555177
-4.209215017064825
6.371232876712298
-5.2201550387596765
-4.991836734693864
-5.158730158730142
-86.44067796610103
-87.01298701298631
-86.79867986798611
-1.8201438848920688
-3.327397260273951
-28.098349834983445
-2.930976430976406
-7.284981684981668
-7.851824817518228
-2.7536964980544667
-6.046278317152074
-72.47706422018364
-9.252631578947351
2.768531468531478
-4.991596638655441
6.743205574912878
-68.30985915493007
-85.66308243727536
-86.3945578231286
-85.02994011975989
-80.07968127490007
-85.55956678700299
-85.96491228070111
-12.755016181229754
-87.84194528875305
-56.29411764705903
-5.069741697416994
-4.677881619937665
-5.59183673469386
-8.198961937716245
-9.007006369426712
-40.73144876325089
-0.36821705426356743
-1.8103942652329614
-5.174796747967461
-5.594076655052245
-8.256140350877175
-10.023676012461042
-8.77759197324413
-99.35614035087691
-72.2222222222224
-74.6376811594203
-8.373239436619686
-9.824148606811116
-4.066666666666645
-74.54545454545456
-8.149458483754493
-8.09436619718308
-8.88870431893686
-8.393197278911549
-8.756140350877173
-11.677215189873392
-7.373408239700355
-10.962576687116544
-8.769503546099271
-9.376712328767102
-7.684057971014473
-82.20640569394973
-83.33333333333283
-80.2371541501973
-79.66101694915224
-72.98059701492585
-63.43515358361805
-16.808108108108065
-10.188704318936855
-21.113355048859898
-41.448484848484846
-102.68648648648603
-24.00655737704914
-14.912987012986987
-29.174999999999947
-85.91549295774584
-93.63207547169796
-68.19787985865777
-83.38870431893638
-87.34177215189803
-86.11111111111046
-54.82808988764068
-7.139350180505387
-11.991961414790948
-13.769230769230727
-7.277952755905474
-12.7234042553191
-81.48148148148108
-82.07885304659455
-83.16498316498269
-81.2030075187966
-84.61538461538409
-85.46511627906915
-87.05501618122908
-83.38870431893639
-80.62015503875934
-82.93515358361726
-9.317981072555167
-12.61818181818178
-9.929729729729694
-82.45614035087674
-81.54981549815457
-73.7704918032787
-85.66308243727536
-82.45614035087674
-12.566233766233736
-85.61151079136629
-83.26359832635934
-83.55263157894686
-83.71335504885943
-83.44370860927101
-84.555984555984
-9.091719745222901
-11.945161290322543
-84.12698412698359
-6.532075471698095
9.26363636363634
-6.103007518796977
-86.57718120805302
-7.493197278911552
-4.039350180505409
-6.318181818181804
-8.221476510067095
-84.80243161094167
-85.50724637681097
-87.13826366559415
-7.344927536231872
-8.682524271844633
-80.69498069498034
-87.80487804877974
-81.61764705882312
-9.55862068965515
-83.05084745762663
-82.33215547703135
-86.11111111111046
-87.87878787878714
-85.96491228070111
-83.66013071895372
-85.40145985401398
-80.98859315589316
-84.02555910543077
-88.02395209580763
-80.62015503875934
-38.666233766233724
-13.217869415807526
-81.88405797101407
-81.41263940520406
-85.8657243816248
-85.0187265917597
-79.59183673469357
-79.91967871485912
-85.50724637681097
-86.25429553264539
-85.45454545454484
-28.170967741935442
-86.97068403908726
-80.2371541501973
-88.60398860398782
-82.07885304659436
-84.25196850393645
-86.84210526315721
-85.1851851851846
-86.44067796610103
-85.1851851851846
-85.8156028368788
-85.76512455515913
-85.8657243816248
-83.44370860927107
-85.61151079136629
-85.13011152416297
-86.53198653198598
-84.12698412698359
-76.19047619047635
-77.27272727272651
-83.66013071895372
-86.25429553264539
-85.0187265917597
-85.1851851851846
-82.57839721254317
-84.06374501991978
-84.07643312101858
-85.29411764705821
-85.34798534798475
-83.49834983498317
-92.98245614034987
-83.76623376623327
-83.87096774193496
-80.23715415019736
-83.498349834983
-86.75496688741653
-82.69896193771581
-87.42138364779802
-84.79087452471428
-83.76623376623324
-86.34812286689353
-83.9228295819931
-81.20300751879667
-85.8657243816248
-85.23985239852338
-85.8657243816248
-86.3945578231286
-82.33215547703142
-87.26114649681458
-83.27759197324372
-83.93574297188701
-84.37499999999945
-85.8657243816248
-87.91540785498415
-85.66308243727536
-86.75496688741653
-85.07462686567105
-83.87096774193496
-87.98798798798724
-87.42138364779802
-86.25429553264539
-85.76512455515952
-85.61151079136629
-96.67885304659467
-13.517869415807525
-15.266233766233727
-9.984057971014465
-6.971428571428543
-13.167901234567873
-0.8309859154929384
-0.08823529411763786
-4.655279503105572
-26.199261992620475
-50.19183673469398
-86.01398601398537
-82.33215547703135
23.809523809522986
-61.4035087719304
-84.90566037735803
-87.3015873015866
-85.07462686567105
-85.45454545454484
-87.6160990712067
-87.42138364779802
-87.3015873015866
-86.79867986798611
-6.306405693950165
-0.1986577181208311
-64.66431095406435
-67.74193548387144
-43.077591973244175
-84.552631578948
-24.39436619718306
-12.216030534351106
-12.750847457627087
-14.678853046594941
-9.443283582089524
-14.118181818181776
-51.074626865671775
-8.535153583617731
-8.143283582089529
-29.687500000000792
-87.65432098765359
-8.139094650205747
-88.05970149253656
-72.22222222222234
-87.13826366559415
-26.10841121495322
6.611267605633788
25.15555555555548
-78.64768683273998
-10.043708609271501
-8.3324503311258
-6.281818181818155
-7.077777777777749
-4.3254355400697
-11.158490566037688
-16.832450331125795
-12.058620689655143
-41.778853046594975
-7.512639405204441
-5.173408239700363
-4.871428571428551
-2.6219269102989955
10.533779264214022
-5.47368421052629
-5.922184300341275
-7.281443298969046
-18.41335504885991
-13.998349834983463
-7.666233766233754
-4.943609022556366
-4.271428571428562
15.743689320388292
-69.58174904943004
-75.90361445783124
-80.39215686274476
-73.42192691029918
-53.94736842105314
-43.14381270903063
-60.7843137254908
-86.11111111111046
-83.60655737704866
-85.38011695906373
-78.8519637462233
-73.68421052631604
-71.32616487455243
-85.91549295774584
-82.6989619377158
-87.17948717948647
-86.3945578231286
-83.47107438016478
-87.22044728434433
-85.50724637681097
-59.242857142857446
-10.581443298969035
-6.081443298969051
-75.86206896551718
-86.79867986798611
-79.93245033112647
-5.255279503105555
1.650746268656686
-1.2962457337883961
-74.16974169741705
-17.208196721311417
-13.476729559748396
-9.784057971014466
-7.230670926517549
-13.542857142857104
-13.821476510067079
-10.123076923076876
-17.26645962732917
-8.395167286245316
-7.794076655052237
-5.12340425531913
-5.566445182724236
5.394736842105257
-73.06397306397318
-12.821978021977973
-57.23684210526361
5.3671096345514755
-5.832450331125809
-2.099999999999987
-4.438754325259497
-31.68011695906427
-10.848484848484828
-5.738754325259494
5.078947368421051
-5.22972972972971
4.948541576510479e-13
-20.59319727891153
-30.47759197324409
-15.527129337539398
-6.337931034482718
-10.894259818731097
-81.27340823969999
-6.094623655913955
-81.48148148148108
-83.16498316498267
-68.75000000000041
-2.9411764705882213
-7.27323943661969
-85.50724637681098
-87.42138364779802
-40.133333333333326
-7.87142857142854
-62.59834983498379
-8.998019801980169
-81.94945848375409
-83.33333333333283
-85.33724340175897
-86.53198653198586
-85.29411764705821
-85.07462686567105
-91.33875432525957
-96.70640569395005
-83.49834983498299
-84.02555910543083
-83.71335504885947
-60.12808988764082
-83.44370860927101
-52.732450331126046
-6.03296703296712
-29.303007518796928
-83.22147651006662
-71.82197802197851
-80.7692307692304
-17.11818181818177
-84.02555910543079
-33.61748251748244
-83.92282958199306
-17.128089887640392
-81.68498168498128
4.3550724637680105
-14.745161290322537
-36.34768683274018
-10.26086956521735
-18.82499999999997
-8.271428571428538
-13.551824817518208
-9.488593155893508
-77.04370860927202
-20.332075471698086
-86.34812286689353
-59.6428571428574
-10.597979797979761
-47.81726618705049
-61.13074204947066
-24.657534246576127
-63.90393700787443
-77.63578274760364
-87.42138364779802
-57.854406130269
-41.54945848375457
-70.37037037037067
-84.27672955974793
-82.63888888888845
-80.7692307692304
-71.63120567375871
-82.7586206896546
-21.729729729729698
-44.77272727272734
-82.01438848920826
-81.27340823969999
-19.90270270270277
-4.709756097560975
-6.529729729729706
-6.720979020978994
-3.718987341772138
-79.93311036789265
-81.2734082397
-82.87671232876664
-81.61764705882312
-84.61538461538417
-2.745017182130592
-48.97959183673544
-21.744147157190586
-80.26315789473651
-46.674796747967605
-61.53846153846236
-79.93311036789265
-14.210394265232937
-78.94736842105236
11.656603773584877
-52.89855072463787
4.658064516129013
13.399290780141754
-5.24600638977631
-80.39215686274476
-77.69516728624524
-81.34328358208916
-83.10810810810761
-80.93397683397743
-11.084210526315733
-51.133110367893096
-7.709384164222804
-73.78277153558055
-63.815789473684994
1.9003322259136297
-52.755905511811804
-86.9281045751627
-47.89624573378864
-40.19122257053294
-72.41379310344854
-84.75609756097504
-82.69896193771581
-81.27340823969999
-81.75182481751783
-79.53216374268976
-67.39130434782662
-82.26950354609885
-83.05084745762646
-82.45614035087655
-76.65369649805434
-53.673239436619994
-82.93515358361726
-82.75862068965476
-83.60655737704866
-83.22147651006662
-82.07885304659455
-87.80487804877974
-81.34328358208916
-85.67335243552947
-83.81877022653669
-82.20640569394973
-83.49834983498299
-82.33215547703135
-84.02555910543077
-85.50724637681097
-83.27759197324364
-85.76512455515952
-84.07643312101858
-83.10810810810761
-75.6097560975609
-84.555984555984
-83.33333333333289
-77.77777777777717
-80.69498069498034
-81.2030075187966
-79.25311203319474
-61.2885931558938
-10.775706214689249
-8.033333333333317
-5.4447470817120465
-9.574999999999983
-13.230061349693234
-9.266233766233748
-8.650847457627101
-6.116030534351127
-4.854978354978334
-9.198961937716241
-10.52601880877741
-8.332155477031783
-12.842105263157876
-10.277215189873399
-12.47068403908793
-85.0187265917597
-86.25429553264539
-84.70948012232358
-82.39436619718265
-80.69498069498034
-71.31147540983632
-76.92307692307676
-14.352631578947335
-77.27272727272714
-85.1851851851846
-36.877076411960914
-81.27340823969978
-84.4357976653691
-83.05084745762646
-80.32786885245874
-79.59183673469364
-81.94945848375414
-79.99999999999974
-85.0187265917597
-82.57839721254317
-81.61764705882312
-79.91967871485912
-87.80487804877974
-87.57763975155207
-77.7158774373257
-83.22147651006662
-82.0143884892082
-82.39436619718266
-80.98859315589316
-86.57718120805302
-82.33215547703124
-85.0746268656711
-83.66013071895374
-82.99319727891108
-82.01438848920822
-85.96491228070111
-87.49999999999928
-82.26950354609885
-85.40145985401398
-85.50724637681097
-82.93515358361732
-84.9056603773579
-86.34812286689353
-84.80243161094172
-85.29411764705821
-85.76512455515952
-86.01398601398537
-85.50724637681097
-84.42367601246055
-87.34177215189801
-85.23985239852338
-84.07643312101858
-84.79087452471425
-87.17948717948647
-86.44067796610103
-84.4961240310072
-79.93311036789265
-85.23985239852338
-83.87096774193495
-87.73006134969252
-84.1772151898727
-84.84848484848426
-83.73983739837345
-81.34328358208916
-77.5280898876403
-80.07968127490007
-85.66308243727536
-85.71428571428508
-41.11764705882358
-8.89999999999997
-15.222829581993532
-90.17340823970041
-10.29087452471481
-13.57432950191568
-77.70700636942657
-77.49196141479084
-86.9281045751627
-87.38170347003083
-83.22147651006668
-86.01398601398537
-80.7692307692302
-83.05084745762663
-86.25429553264539
-87.6160990712067
-86.20689655172347
-83.71335504885924
-85.45454545454484
-86.15916955017236
-83.55263157894687
-101.54981549815437
-86.88524590163865
-85.8657243816248
-88.43930635838073
-84.61538461538404
-81.54981549815457
-85.96491228070111
-87.42138364779812
-82.26950354609892
-87.34177215189801
-85.1851851851846
-84.02555910543083
-5.7773638968481205
-59.04436860068336
-77.70700636942672
-82.20640569394973
-81.27340823969999
-87.13826366559415
-83.71335504885943
-82.8326180257506
-85.96491228070111
-84.80243161094172
-82.93515358361732
-84.61538461538404
-78.0219780219778
-86.20689655172349
-85.23985239852338
-81.61764705882312
-11.159169550172994
-11.454295532646032
-10.90145985401458
-11.213986013985997
-86.57718120805302
-85.96491228070111
-83.0508474576267
-83.10810810810763
-84.17721518987287
-85.71428571428508
-86.0627177700342
-81.9494584837541
-83.10810810810761
-81.75182481751784
-85.91549295774584
-86.44067796610103
-87.42712933753967
-13.459701492537295
-82.33215547703135
-83.73983739837347
-86.75496688741653
-82.63888888888843
-86.88524590163865
-81.48148148148108
-84.42367601246055
-86.62207357859464
-85.8657243816248
-86.3945578231286
-84.9056603773579
-80.46874999999966
-86.79867986798611
-85.79545454545394
-85.23985239852338
-86.84210526315721
-10.239759036144559
-80.91603053435077
-85.1851851851846
-32.43215547703174
-12.512987012986995
-13.678853046594945
-11.10810810810808
-13.358620689655137
-21.468749999999964
-35.35182481751821
-10.747985347985331
-12.077181208053673
-21.138263665594828
-9.001369863013691
-12.72044728434503
-86.57718120805302
-82.1428571428567
-85.8156028368788
-82.93515358361726
-81.81818181818146
-82.0143884892082
-84.75609756097504
-86.34812286689353
-84.70948012232364
-83.38870431893639
-83.44370860927103
-83.05084745762665
-83.76623376623324
-82.07885304659462
-84.61538461538409
-84.79087452471425
-85.07462686567105
-83.05084745762665
-82.39436619718265
-83.99999999999946
-82.7586206896547
-82.51748251748205
-84.70948012232358
-82.75862068965472
-82.87671232876666
-81.94945848375409
-57.317647058823745
-10.232075471698082
-64.29498069498108
-17.184984984984958
-10.818181818181788
-10.650847457627094
-31.68148148148141
-27.374796747967416
-16.378853046594934
-12.694980694980655
-9.708108108108085
-10.87435897435895
-16.26013071895422
-8.249815498154959
-12.859566787003587
-16.13215547703176
-14.773408239700329
-20.65084745762709
-13.795238095238076
-23.82015503875966
-30.723676012461002
-11.150847457627092
-18.549458483754467
-82.45614035087674
-80.98859315589316
-81.48148148148108
-80.15873015872982
-82.93515358361726
-81.88405797101407
-85.33724340175893
-86.57718120805302
-81.2030075187966
-82.75862068965472
-82.39436619718265
-83.27759197324364
-85.23985239852338
-82.45614035087674
-84.02555910543077
-82.93515358361726
-83.44370860927101
-84.17721518987287
-85.46511627906915
-85.42274052478074
-86.53198653198586
-84.37499999999945
-83.22147651006662
-83.38870431893638
-82.63888888888842
-81.41263940520406
-11.37096774193546
-82.07885304659455
-86.0627177700342
-82.51748251748205
-82.87671232876664
-82.51748251748205
-81.8181818181814
-86.53198653198586
-82.33215547703135
-82.5783972125431
-86.71096345514881
-82.39436619718265
