-19.135694050991503
-4.781481481481471
-8.959169550173002
-9.642105263157887
-8.959169550173002
-10.041772151898726
-9.277181208053683
-7.632824427480907
-9.52207357859531
-7.455984555984548
-8.407246376811585
-8.962717770034835
-10.160815047021936
-9.79677419354838
-7.9484848484848385
-9.231986531986523
-10.466666666666654
-9.941772151898727
-7.6056603773584825
-9.22207357859531
-8.414285714285706
-8.314285714285706
-8.901369863013691
-7.390874524714821
-9.612987012987006
-10.292307692307684
-8.613986013986006
-8.713986013986005
-7.885185185185177
-7.196124031007745
-10.533333333333308
-9.354966887417211
-9.266666666666659
-8.154545454545447
-63.47096774193585
-86.2068965517231
-16.560130718954213
-85.31748251748297
-86.44067796610103
-35.35614035087711
-86.97068403908726
-84.25196850393645
-16.151824817518204
-19.743283582089518
-14.621476510067074
-23.813355048859908
-22.994397759103624
-39.666233766233795
-29.032258064517173
-39.501779359431424
-77.34627831715193
-66.25766871165727
-52.861952861953355
-87.42138364779787
-73.06397306397287
-92.98245614034987
-78.87323943661958
-47.6923076923087
-74.8201438848916
-75.94501718213036
-93.22033898304981
-75.26501766784452
-85.16320474777375
-83.99999999999903
-83.27759197324309
-34.1563786008239
-47.69230769230875
-41.358024691358224
-65.11627906976811
-64.63022508038678
-26.35658914728786
-86.75496688741617
-91.9028340080962
-88.26979472140695
-25.647058823529374
-75.77854671280274
-92.72727272727172
-65.63573883161556
-82.81786941580727
-83.81877022653669
-93.24324324324222
-71.33757961783493
-37.07560975609734
-41.78082191780854
-93.0313588850164
-70.32640949554803
-93.42105263157791
-60.43165467625992
-83.16498316498215
-77.70700636942657
-78.49462365591384
-77.46478873239428
-41.35055762081881
-12.80465116279049
-89.65517241379207
-94.11764705882246
-38.31168831168936
-33.75394321766662
-82.51748251748151
-86.48648648648548
-74.02597402597323
-84.73282442748048
-64.66431095406462
-17.566903914590604
-24.20000000000003
-70.03745318352107
-48.80546075085427
-30.92105263157963
-47.18309859154976
-25.093632958801596
-54.88721804511373
-85.6115107913664
-72.22222222222244
-92.21789883268384
-90.53627760252277
-76.74418604651179
-42.37288135593314
-72.33201581027684
-24.772549019607844
-66.29213483146155
-54.3973941368089
-93.52750809061384
-5.882352941176168
-71.83098591549307
-80.58252427184358
-92.90780141843871
-66.99669966996747
-93.42105263157791
-31.199999999999733
-87.6160990712067
-92.77978339350081
-33.54430379746932
-93.99399399399293
-86.30136986301267
-42.44604316546788
-92.619926199261
-45.84837545126389
-86.15916955017248
-36.257664233576605
-86.20689655172349
-88.59315589353534
-93.24324324324222
-93.35548172757372
-23.38709677419412
-90.29126213592151
-67.85714285714327
-38.35616438356255
-36.79850746268637
-33.753943217666276
-78.64768683273962
-41.37692307692295
-93.56913183279639
-68.85813148788888
-92.7007299270063
-56.834532374101734
-86.013986013985
-87.6160990712068
-31.17692307692287
-55.974842767296416
-79.16666666666664
-93.42105263157791
-86.71096345514847
-77.49196141479105
-46.48829431438222
-92.36641221373948
-47.407936507936554
-71.92982456140308
-59.86622073578701
-38.144329896907735
-92.619926199261
-94.33427762039551
-94.2857142857132
-71.42857142857174
-92.95774647887222
-65.75342465753515
-36.666666666667275
-69.8113207547172
-93.58974358974254
-84.31372549019567
-54.70383275261431
-87.76758409785857
-72.04968944099383
-92.80575539568244
-83.9228295819932
-92.80575539568244
-43.14381270903116
-86.71096345514889
-93.46405228758066
-55.782312925171105
-64.91228070175492
-86.62207357859465
-31.03448275862173
-70.68403908794804
-29.655555555555324
-92.39543726235644
-93.71069182389832
-92.5925925925916
-71.75141242937872
-94.15204678362466
-92.09486166007808
-44.827586206897614
-92.9328621908117
-48.27586206896653
-85.91549295774595
-89.89898989898899
-21.776923076923094
-55.88235294117736
-87.26114649681459
-29.07801418439822
-91.96787148594281
-93.39933993399237
-93.0313588850164
-93.05555555555453
-37.716262975778626
-92.80575539568244
-90.56603773584823
-55.10204081632739
-89.86486486486407
-54.88721804511362
-86.57718120805313
-87.2611464968146
-88.67924528301809
-93.24324324324222
-74.16974169741704
-31.972789115647288
-90.0332225913613
-62.54681647940145
-93.37748344370758
-66.77740863787433
-67.10526315789556
-72.64437689969613
-39.490445859873475
-31.899641577061082
-80.3149606299203
-29.368029739777104
-80.1699716713879
-72.78911564625852
-93.76947040498337
-93.8271604938261
-93.95770392749138
-93.17406143344607
-81.48148148148131
-76.66666666666657
-64.80938416422379
-89.9999999999992
-93.31103678929662
-79.45205479452045
-89.6907216494835
-42.86588628762537
-83.4710743801647
-93.35548172757372
-64.40129449838244
-63.636363636364216
-28.571428571428477
-93.22033898304981
-45.762711864407734
-93.35548172757372
-94.30199430199322
-71.51898734177155
-77.41935483870961
-57.44680851063914
-93.31103678929662
-92.21789883268384
-80.45602605863134
-81.68498168498068
-92.64705882352841
-89.51048951048874
-93.76947040498337
-83.76623376623337
-63.576158940398415
-93.48534201954294
-81.48148148148108
-78.79858657243791
-86.6666666666661
-58.466453674122484
-94.11764705882246
-79.99999999999969
-56.52173913043579
-93.0313588850164
-38.848920863309836
-93.15068493150582
-55.01730103806325
-57.703927492447754
-89.32384341636933
-55.82329317269173
-72.1254355400691
-93.35548172757372
-67.39130434782682
-49.61240310077618
-92.33716475095687
-26.896091205211693
-37.728937728938064
-93.74999999999895
-42.5981873111793
-93.50649350649246
-87.80487804877943
-88.37209302325506
-70.00000000000061
-89.09090909090808
-92.77978339350081
-36.17021276595783
-93.39933993399237
-42.238267148014835
-92.75362318840479
-88.63636363636287
-78.97897897897887
-75.08896797153044
-70.83333333333236
-60.93750000000103
-70.37037037037096
-94.16909620991146
-72.80966767371613
-92.80575539568244
-57.26495726495831
-46.23655913978543
-79.31034482758591
-91.96787148594281
-90.25974025973922
-65.034965034966
-81.8181818181808
-92.72727272727172
-66.21621621621571
-41.176470588236256
-93.3333333333323
-68.1978798586577
-86.2068965517236
-94.11764705882246
-74.35897435897459
-80.64516129032245
-46.428571428572496
-71.8750000000005
-24.633085501858673
-93.52750809061384
-72.12543554007017
-47.36842105263229
-93.0313588850164
-61.30952380952476
-58.1881533101056
-93.127147766322
-41.74757281553494
-42.02898550724697
-93.15068493150582
-78.26086956521742
-74.91039426523324
-93.61022364217148
-94.39775910364037
-63.099630996310566
-88.84758364312188
-89.96655518394563
-45.175000000000765
-79.04191616766455
-63.08724832214861
-74.44089456869042
-89.61937716262894
-71.42857142857116
-92.53731343283484
-93.0795847750855
-87.87878787878725
-87.34177215189813
-46.236559139785896
-79.16666666666612
-31.50684931506888
-46.29306930693135
-93.22033898304981
-46.96969696969766
-94.01197604790312
-86.9706840390869
-92.2480620155029
-93.84615384615279
-43.39622641509536
-51.72413793103548
-34.065934065934506
-91.96787148594281
-35.25179856115208
-84.75609756097509
-78.26086956521716
-57.44680851063898
-56.20437956204485
-74.72924187725559
-92.95774647887222
-55.390334572491454
-92.5925925925916
-92.88256227757907
-67.97153024911096
-93.26599326599224
-78.57142857142807
-91.93548387096678
-34.06593406593509
-39.79933110367994
-90.59561128526558
-46.04316546762694
-86.15916955017242
-41.17647058823629
-85.86572438162482
-85.91549295774547
-52.542372881356485
-93.69085173501472
-77.7777777777778
-56.98924731182851
-94.3661971830975
-64.157706093191
-30.40293040293135
-51.456310679612706
-78.72340425531915
-81.13207547169773
-43.39622641509536
-93.0795847750855
-93.56913183279639
-92.9328621908117
-27.440614334470887
-39.02101910828017
-89.47368421052549
-94.236311239192
-69.59459459459525
-92.21789883268384
-57.70392749244797
-66.44295302013505
-27.586206896551626
-60.714285714286774
-39.06810035842362
-72.1362229102172
-83.22147651006674
-65.75342465753457
-86.79867986798624
-92.80575539568244
-89.69072164948372
-79.28994082840212
-90.0332225913611
-4.21455938697308
-85.5072463768111
-44.63191489361807
-29.582608695652077
-28.63076923076894
-90.76923076922971
-89.83050847457542
-83.76623376623343
-92.2480620155029
-93.00699300699199
-38.14432989690824
-87.46081504702087
-93.84615384615279
-63.08724832214865
-39.18461538461534
-30.660431654676273
-41.558441558442624
-60.14492753623242
-90.06622516556212
-93.3333333333323
-92.90780141843871
-39.83333333333312
-15.999999999999817
-60.8540925266914
-58.73015873015976
-46.20253164556984
-86.75496688741642
-73.50993377483395
-92.53731343283484
-59.459459459460035
-42.33333333333405
-93.15068493150582
-31.740614334471186
-93.00699300699199
-47.04049844236853
-51.72413793103496
-44.983818770226854
-92.80575539568244
-83.44370860927106
-43.82105263157971
-34.48275862069066
-87.95180722891459
-88.97058823529333
-57.2368421052642
-86.30136986301267
-29.32862190812825
-88.04780876493928
-48.85394321766603
-81.68498168498128
-69.34865900383207
-93.24324324324222
-28.5714285714296
-89.58333333333256
-88.13056379821873
-56.790123456791214
-48.05806451612973
-87.01298701298616
-90.41533546325796
-53.642384105961334
-93.24324324324222
-62.264150943397254
-86.39455782312871
-92.619926199261
-30.931182795698668
-55.55555555555649
-84.84848484848433
-65.87030716723594
-69.79865771812011
-93.58974358974254
-75.26501766784472
-90.29126213592147
-25.328621908127186
-59.86622073578701
-80.46874999999986
-93.90243902438918
-64.28571428571489
-89.61937716262894
-62.61682242990717
-93.39933993399237
-70.19867549668896
-93.39933993399237
-31.21818181818163
-44.60641399417018
-68.19787985865781
-46.925748502994246
-66.54275092936712
-90.38461538461456
-46.07278911564646
-48.20547945205534
-80.58252427184449
-92.5925925925916
-89.1696750902519
-83.40248962655554
-92.09486166007808
-34.509225092250645
-88.37209302325512
-22.509225092251935
-89.43661971830907
-93.22033898304981
-90.29126213592147
-76.43097643097613
-87.17948717948653
-56.83453237410113
-75.52447552447477
-55.50573248407748
-83.1081081081078
-71.22302158273382
-65.77946768060902
-53.405017921148
-29.328621908127122
-73.06397306397206
-20.415224913495702
-93.44262295081863
-49.68553459119546
-57.52895752895857
-49.15254237288243
-63.21070234113818
-92.83154121863699
-22.195053003533587
-85.45454545454471
-75.52447552447575
-50.98039215686366
-71.32616487455097
-84.22712933753837
-94.06528189910873
-45.054945054945435
-60.00000000000058
-90.47619047618943
-29.824561403509378
-25.03636363636356
-53.06859205776219
-57.36434108527228
-50.49504950495157
-73.68421052631606
-93.37748344370758
-86.62207357859465
-68.4542586750796
-27.58620689655189
-60.26490066225212
-93.15068493150582
-53.02013422818879
-81.19122257053276
-44.099378881988635
-89.13043478260789
-93.56913183279639
-27.41578947368405
-89.32384341636936
-36.68461538461516
-94.10029498524966
-85.1301115241631
-93.67088607594832
-93.0313588850164
-62.9629629629639
-59.59595959596062
-48.355555555556585
-93.42105263157791
-91.86991869918603
-59.259259259259736
-76.82119205298028
-40.07490636704223
-42.249240121581636
-55.55555555555661
-89.16967509025196
