-14.360130718954245
-8.411510791366899
-7.532824427480907
-90.03322259136127
-92.5925925925916
-93.15068493150582
-92.0318725099592
-92.2779922779913
-93.86503067484557
-92.39543726235644
-93.17406143344607
-93.0795847750855
-71.11913357400775
-87.91540785498415
-40.47619047619157
-1.694915254237325
-67.84565916398651
-88.16568047337213
-85.13011152416297
-82.93515358361726
-83.8056680161938
-87.6160990712067
-83.8056680161938
-88.43930635838073
-86.0627177700342
-85.76512455515952
-86.9281045751627
-87.95180722891492
-84.12698412698359
-88.63636363636286
-86.25429553264539
-87.49999999999928
-85.40145985401398
-87.76758409785859
-87.76758409785859
-90.56603773584817
-86.75496688741653
-88.14229249011782
-86.20689655172349
-85.76512455515952
-68.9655172413795
-64.84375000000097
-88.8475836431219
-86.71096345514889
-86.3945578231286
-88.37209302325505
-93.00699300699199
-93.56913183279639
-93.0313588850164
-93.73040752350991
-74.45255474452455
-75.43859649122798
-93.10344827586104
-66.21621621621703
-73.59735973597253
-37.93103448275906
-57.44680851063935
-85.29411764705836
-82.63888888888823
-86.75496688741653
-86.97068403908726
-79.83870967741905
-85.50724637681097
-87.17948717948647
-65.10975609756147
-79.72972972972954
-87.01298701298631
-84.73282442748034
-87.38170347003083
-86.34812286689353
-87.65432098765359
-89.24731182795617
-70.09966777408641
-88.16568047337202
-89.39929328621827
-87.80487804877974
-89.33333333333252
-86.66666666666599
-89.79591836734609
-81.88405797101387
-83.81877022653669
-88.28124999999923
-85.33724340175894
-84.25196850393645
-81.06060606060582
-88.37209302325505
-90.09900990098924
-81.4814814814811
-85.0187265917597
-82.69896193771581
-61.130742049470776
-64.53900709219917
-80.13245033112533
-44.71285266457726
-21.06360424028264
12.492452830188334
-83.93574297188702
-71.01449275362354
-83.27759197324372
-69.2832764505116
-70.27233429394897
-84.42367601246052
-83.44370860927108
-76.51006711409352
-22.624324324324213
-78.02197802197789
-52.02952029520337
-7.481679389312841
-86.01398601398539
-28.664429530201197
-53.399356913183695
-85.91549295774584
-14.954794520547871
-73.59735973597367
-10.6423728813558
-37.46197183098634
-72.65625000000027
-51.724137931035166
-61.26760563380331
-47.882736156352294
-85.45454545454486
-81.59509202453954
-64.85623003194922
-79.99999999999955
-83.05084745762663
-48.979591836735665
-86.79867986798611
-85.50724637681098
52.1035598705495
-56.81063122923669
-71.19341563786033
-65.15194805194898
24.072053872053843
117.61010452961696
25.556187290969838
18.99577464788731
2.9862068965517174
-4.930670926517559
-2.9209790209790114
-2.571428571428566
-1.67777777777777
-3.6610169491525397
1.7302583025830316
-1.398697068403898
1.6194029850746254
17.224161073825478
2.8777777777777693
9.9941176470588
0.9545454545454533
7.033033033033014
23.27921146953401
20.745255474452513
-2.9234042553191344
4.397080291970795
-5.08148148148147
-4.71265822784809
2.943749999999987
-0.9727272727272585
-3.5999999999999854
-3.3814432989690673
-3.6610169491525397
18.40744336569577
-2.86666666666666
-7.213355048859924
-5.894366197183087
-7.043708609271512
-5.642857142857132
-6.621476510067101
-5.449458483754503
-5.184981684981675
-6.898349834983488
-7.052631578947359
-5.118181818181808
-2.8666666666666565
-2.8666666666666565
44.970731707317015
-3.0838709677418805
28.651685393258134
26.437288135593157
30.254545454545408
1.6803278688523946
18.76258992805753
9.015384615384601
-5.52771084337348
-5.817482517482507
-7.170967741935476
-9.812987012987005
-8.354545454545447
-7.3559845559845485
-9.331986531986523
-8.61549295774647
-8.762717770034836
-8.51549295774647
-7.505660377358483
-10.13894080996884
-10.515407854984886
-10.587987987987981
-7.839852398523977
-7.947985347985341
-10.292307692307684
-10.13894080996884
-7.035797665369643
-8.711111111111103
-8.61549295774647
-8.713986013986005
-8.414285714285706
-10.50487804878048
-8.565724381625435
-9.79677419354838
-9.14812286689419
-8.711111111111103
-8.259566787003603
-7.7746268656716335
-7.939852398523977
-9.855016181229765
-8.463082437275977
-10.020447284345039
-9.377181208053683
-11.000589970501467
-8.811111111111103
-8.514285714285705
-7.985185185185177
-8.615602836879425
-9.240677966101687
-10.221383647798733
-8.239852398523976
-9.622073578595309
-8.715602836879425
-7.862406015037585
-8.354545454545447
-10.201587301587294
-7.9056603773584815
-10.692307692307683
-5.678397212543544
-8.24798534798534
-6.643708609271513
-8.650737463126834
-7.974999999999989
-7.276712328767109
-6.735153583617734
-4.294980694980691
-4.041916167664656
-4.81263940520445
-2.477777777777767
-6.75263157894736
-3.920155038759688
-3.4081967213114766
-3.5687499999999908
-4.288593155893526
24.411705685618678
-2.658483754512986
-70.4142011834323
-66.32996632996698
-76.43097643097632
-99.87885304659449
-84.37499999999945
50.78081180811809
-40.95940959409671
13.215503875968786
6.284210526315192
-12.568100358423456
-7.648948948949293
-43.396226415095114
13.485714285714046
9.318611987381601
-63.576158940398095
17.52499999999982
-43.38918918918955
-18.72791519434713
6.20883534136518
-73.78277153558064
-79.09407665505199
-74.35897435897436
-68.42105263157917
2.259119496855135
5.74525547445235
-70.14925373134359
-51.89003436426192
-53.276158940397686
-80.26315789473651
-73.7827715355806
-79.7979797979795
9.885987261146472
-50.119672131147965
15.961732851985431
22.597069597069407
38.059701492536085
-16.654545454546046
-54.162897526502306
-48.704225352113
-62.285964912281074
-76.04790419161651
-65.51724137931106
-22.691525423728734
-16.964150943396135
-72.12543554006993
-81.34328358208928
-87.65432098765359
-86.53198653198586
-9.55496688741721
-17.706405693950146
-8.954295532646041
-10.020447284345039
-6.951968503937
-9.55496688741721
-9.97948717948717
-8.615602836879425
-20.024999999999977
-9.377181208053683
-8.564912280701748
-8.411510791366899
-9.377181208053683
-7.374329501915701
-9.528104575163391
-10.416099071207421
-10.221383647798733
-9.10136986301369
-10.823952095808375
-8.911111111111103
-8.254545454545447
-9.377181208053683
-9.001369863013691
-9.32207357859531
-8.764912280701747
-7.985185185185177
-9.14812286689419
-8.463082437275977
-5.505982905982899
-9.186486486486478
-8.764912280701747
-8.565124555160134
-8.615602836879425
-10.377639751552787
-9.377181208053683
-8.14798534798534
-9.59867986798679
-7.7187265917602925
-8.813986013986005
-11.206896551724121
-8.307246376811586
-9.642105263157887
-10.040677966101685
-12.9955182072829
-9.286486486486478
-11.554966887417203
-9.363082437275974
-38.98305084745783
-81.77083333333307
-80.89171974522223
-86.44067796610109
-73.18007662835281
-87.69230769230701
-81.94945848375409
-67.21311475409897
-84.17721518987295
-75.35211267605608
-86.11111111111046
-66.54275092936874
-86.75496688741654
-58.17490494296638
-60.13289036544916
-57.44680851063904
-51.85185185185219
-89.05109489051016
-85.40145985401405
-67.0329670329676
-48.4536082474231
-75.10373443983399
-62.0689655172423
-89.28571428571347
-83.44370860927108
-81.65137614678869
-53.40501792114794
-83.05084745762652
-63.30275229357858
-75.94501718213071
-64.70588235294164
-86.48648648648587
-76.0273972602741
-88.97058823529332
-83.33333333333283
-87.42138364779808
-67.53246753246788
-79.09407665505219
-89.13043478260788
-87.34177215189803
-88.505747126436
-90.74074074073985
-60.71428571428665
-90.71207430340468
-89.79591836734609
-43.089430894309864
-89.43661971830903
-74.91039426523254
-21.599999999999824
-14.392012779552712
-77.69516728624535
-14.940740740740722
-70.29702970297062
-64.91228070175504
-85.07462686567105
-27.738709677419216
-84.4357976653691
-64.8562300319495
-65.7483754512644
-75.52447552447548
-42.528735632184095
-47.95539033457276
-12.085501858735846
-65.75342465753471
-65.27777777777838
-60.288808664260415
-53.79537953795458
-49.09090909090984
-58.33333333333406
-43.46289752650253
5.2631578947378514
-47.01986754966968
-51.310861423221766
-45.65217391304426
-13.857677902621738
-46.5020576131695
-58.18815331010531
-47.368421052632364
-50.94339622641587
-52.70270270270347
-54.67422096317359
-60.244648318043595
-54.54545454545526
-19.11764705882422
-83.16498316498267
-81.75182481751783
-78.26086956521718
-64.0287769784179
-83.81877022653669
-48.45360824742347
-53.94736842105356
-82.69896193771562
-72.97297297297311
-66.86746987951864
-19.491525423729183
-85.23985239852338
-57.70392749244785
-58.904109589041575
-63.08724832214841
-54.06360424028346
8.771929824562202
-35.84905660377432
-3.703703703704577
-43.143812709030435
-6.137184115523292
-68.65203761755525
-46.0431654676266
-71.73144876325108
-62.54681647940151
-51.85185185185241
-85.23985239852338
-56.37583892617526
-55.01730103806295
-59.24764890282184
-73.68421052631588
-85.86572438162482
-58.80149812734158
-39.501779359431346
-81.68498168498128
-57.055214723927136
-75.60975609756098
-82.57839721254317
-53.90070921985884
-65.29968454258743
-40.55944055944133
-61.41479099678533
-13.498713826366625
-23.076923076923805
-10.040983606557695
7.037588652481936
25.899999999999913
-55.97484276729631
-56.228956228957
-55.017301038063046
-53.1772575250844
-50.657894736842465
-49.206349206349536
-59.24764890282185
156.1403508771973
-47.5409836065581
319.5804195804153
-37.956204379562806
144.71299093655995
335.2159468438518
226.57366548042907
-15.540540540540901
-44.25087108014014
181.5655948553076
185.1562500000046
103.59281437126126
140.67796610169955
0.9460317460317356
78.35882352941292
142.99459459459632
478.0141843971585
21.3315789473684
26.571014492753598
18.58271604938269
-9.40766550522649
20.49453924914674
69.56026490066239
44.528352490421426
39.724324324324265
17.64368932038832
-53.57142857142933
6.498705501618108
62.74285714285726
6.789297658862843
8.89398496240598
9.862499999999965
4.590974729241871
4.1333333333333115
111.92105263157981
71.82127659574499
75.98965517241419
137.43694267516062
103.89581749049519
23.619178082191688
75.89576547231215
17.609965635738803
22.534456928838928
132.51304347826158
27.619178082191752
252.79737827715314
30.42874493927122
17.245390070921957
263.228301886792
113.55573770491887
52.32325581395342
5.25724907063195
58.456357388316206
173.56126126126378
142.7195121951231
153.28947368421504
200.8572649572669
6.262162162162124
-0.6962457337884018
-10.327868852458982
-9.35614035087717
-10.933333333333307
-6.360869565217364
-8.563157894736817
-10.48148148148145
-15.760130718954208
-5.966666666666644
-10.021978021977983
-8.252054794520518
-8.397979797979769
-5.909215017064815
-2.7460063897763334
-4.053846153846131
-7.62687747035565
-11.448717948717862
-13.846153846154557
2.575187969924798
-2.524475524475509
-3.8279720279720024
-9.64516129032255
-83.97435897435844
-83.10810810810761
-83.60655737704866
-79.72972972972941
-84.12698412698359
-77.94117647058803
-82.51748251748205
-84.61538461538404
-81.75182481751783
-83.36101694915311
-5.372727272727255
-8.382524271844634
-1.1521126760563405
-5.488628762541778
-5.678978978978957
-0.9824427480916427
-77.07777777777828
-0.420143884892088
-77.27272727272712
-79.09407665505199
-82.0143884892082
-41.97952218430112
-50.6578947368429
-34.10852713178376
-55.01730103806308
-79.38144329896879
-49.21875000000082
-44.44444444444523
20.56737588652644
-25.373134328358955
57.45913312693499
22.014723926380306
74.19354838710049
-30.00000000000077
49.206349206352385
47.1571906354534
18.243243243242055
5.500668896320793
4.737704918032669
15.565517241378991
2.207987220447176
1.2480519480518595
9.12448979591812
82.43243243243346
138.55524475524697
18.8241379310344
13.572053872053694
150.00000000000264
21.763321799307867
25.041064638783006
17.149128919860438
22.585714285714047
196.7672354948839
31.31739130434771
69.80529801324539
86.2348178137699
21.910810810810645
106.61373801917041
64.5420289855077
207.81585760518098
15.738368580060353
40.15151515151788
-37.329700272480345
25.623529411764615
27.324489795918275
22.642857142857046
32.61648745519932
-28.104575163399478
33.02550335570446
69.56789297658916
-23.91304347826149
12.179487179488651
-32.9073482428123
289.6433566433565
-17.91044776119438
-31.034482758621497
602.5089605734618
31.21694915254229
-11.196911196910966
391.22807017542294
213.16725978647625
239.71269841269816
34.981949458483705
28.32484076433117
41.93548387097098
51.943462897530644
349.18032786883913
180.75350318471394
-27.152317880795533
401.872659176015
181.14159021406823
154.41696113074696
269.5652173912882
-31.464174454829443
110.04146341463436
53.06122448980007
121.51898734177712
392.236363636355
63.115436241610965
115.39256198347144
288.31615120273267
43.609779179810786
169.35542168674797
398.3498349834841
348.3272727272721
57.55686900958476
18.73639575971727
353.0303754266195
244.3888888888884
210.65901639344338
202.114106583073
53.20925266903927
170.03134796238317
254.08022813688234
352.69440559440517
320.44202898550697
131.36666666666702
369.2633093525161
616.87567567567
279.98398791540757
288.3033898305083
103.07165109034298
388.7310344827565
278.77407407407475
387.3463667820064
266.69235880398736
247.90769230769246
36.51877133106124
238.76989247311877
378.2211604095543
369.69323308270486
56.030935251798596
136.842635658915
443.7167701863307
31.11639344262293
116.06619217081877
258.349612403101
66.78421052631586
100.44634146341475
59.98541033434657
252.70629370629405
38.70624999999994
113.12014652014676
330.362068965516
270.89317406143357
86.68111888111902
35.180281690140816
313.0457831325302
315.5844155843998
30.91052631578944
271.96849315068494
121.40303030303042
330.93795379537926
234.54788732394462
323.54705882352954
311.1618320610691
376.1491694352144
238.52258064516218
271.568047337279
384.88947368420725
339.08630136986255
334.6655290102378
28.005610561056045
288.2333333333334
417.16666666666555
242.08823529411853
28.962025316455644
134.61132075471724
231.926315789474
434.2281045751618
270.5496402877701
34.38373702422142
408.19672131146035
144.2333333333339
395.67823129251633
478.7355311355296
30.54155844155838
126.37874564459949
340.9125435540045
26.34788273615691
272.3647887323929
33.09090909091098
137.83344051446966
71.30669144981455
80.70000000000036
39.01449814126389
62.155844155844235
70.38025477707045
51.63333333333341
58.425423728813726
54.71558441558436
54.726347305389325
141.37313432835842
242.5388888888872
39.92452830188675
29.142857142857117
43.76969696969693
54.08957055214738
60.17925696594443
379.3303030303028
40.281818181818146
108.81419141914216
115.65992217898847
271.71476510067225
54.46732026143799
99.67259786476886
53.739498432601934
28.100621118012384
123.49473684210545
63.92649006622533
25.041176470588205
73.86315789473699
35.70424028268544
28.34999999999996
112.58141263940539
73.97761194029863
20.771428571428537
71.57142857142871
42.966141732283404
37.21739130434778
33.57184115523462
68.41685823754798
30.73192182410419
70.24927536231891
212.22702702702912
28.074766355140156
27.827554179566526
59.00100334448173
215.78947368420344
71.16315789473711
84.00791366906479
29.792307692307645
128.7641509433964
113.28085106382991
198.42295081967305
360.47443609022406
82.97058823529419
290.06083916083963
38.91449814126389
418.9981132075445
63.53809523809541
60.64871794871809
69.0368794326244
137.63333333333358
101.32622950819695
44.75259938837928
32.30066889632102
108.3181818181821
267.0942028985509
27.045871559632985
106.9941391941394
380.412903225805
34.343795620437895
294.5333333333329
76.44313725490208
93.0421245421247
81.47245508982041
332.493360995851
333.42482269503523
28.966666666666626
66.10000000000024
61.65000000000019
301.65660377358404
31.70066445182718
299.3683501683498
203.81410658307294
283.1469135802476
387.0332129963877
216.8888888888902
76.24063604240293
233.74495114006672
80.2496815286626
690.3226277372175
304.44880546075007
107.66394052044633
63.64140127388549
55.27429467084656
61.25113268608436
57.84267912772606
303.438775510204
67.2441281138792
307.154480286738
322.6064748201433
337.83838383838304
392.4289855072459
287.2475409836067
59.523255813953696
354.6092198581558
88.51147540983627
83.78750000000025
71.43687943262428
70.66666666666696
146.45112781954927
371.46618705035826
100.37547169811326
64.07419354838727
58.07777777777798
319.6707641196009
243.16361031518755
123.43511705685671
571.1109589041047
679.7083612040052
120.0695501730107
118.04346289752664
33.78925081433219
396.35294117646987
517.4177474402674
96.00188679245292
400.46825396825284
96.33225806451628
101.31353135313559
156.8308641975316
616.2083650190061
241.83658536585466
275.23208191126275
264.8582781456956
321.7813559322026
54.2063829787234
99.51604938271616
36.84641638225253
506.13953488372056
571.2454545454505
313.0071684587807
346.84882943143805
84.48860759493682
337.80281690140845
926.5999999999916
108.30433212996414
175.01898734177334
131.7448763250888
295.83535353535336
325.3264150943381
120.70337078651718
907.4999999999869
857.4823529411624
-7.216494845360341
5.802047781571215
276.1459459459464
115.44709480122367
-18.238993710691968
359.38078175895686
-8.794788273615245
-6.8965517241373995
130.23566433566452
18.08118081181007
338.53820598004864
310.071942446026
3.44827586207007
10.687022900764827
324.38651685393216
329.1057877813493
37.554545454545384
194.55702005730743
0.7194244604325578
2.236421725240656
-0.355871886120124
7.744107744109028
-3.010033444815316
167.4389610389619
650.1941176470496
232.06231884058008
15.789473684212252
376.97368421050965
305.20469798657683
37.43409961685819
489.12484076432474
604.5666666666654
547.2956521739104
20.622568093387315
289.65517241377614
236.50793650792687
268.96551724136185
236.80555555554417
526.3345195729379
208.78424908424935
47.7663230240589
234.67226277372384
921.0999999999858
453.1632958801481
69.61130742049974
379.65779467680557
422.7566775244252
30.952380952383656
292.15686274508204
37.03703703704036
451.95038167938833
292.76153846153835
252.9380952380953
850.7042253520913
162.38095238095315
31.498470948015083
39.07284768212254
303.50877192980613
26.315789473686657
207.69230769230353
25.831343283582065
33.74383561643832
146.88518518518566
59.420289855077144
142.2856777493608
264.13271375464706
201.0300653594779
317.91044776117616
58.1649819494628
163.4920634920683
354.399999999999
143.203389830509
52.49874213836853
53.84615384615826
259.22499999999724
258.7582781456931
367.79469964664145
95.8346570397128
281.94113475177295
240.18964401294454
105.35714285714346
189.5622895622911
251.53583617745753
376.24916943521436
38.904669260703464
252.941176470572
22.033898305086808
34.48275862069271
225.80612244897983
274.12587412585725
101.25786163522531
69.61130742049966
34.057971014495564
247.2806853582565
336.86006825936886
172.52787456446057
184.34504792332805
680.7496453900642
305.594405594389
234.85856697819406
312.9118644067779
