-69.97643312101968
-12.714388489208625
-6.664983164983154
-8.813986013986005
-8.3115107913669
-80.6949806949802
-83.22147651006668
-78.26086956521718
-77.01149425287339
-83.49834983498299
-63.41463414634204
-64.566929133859
-82.87671232876671
-82.99319727891114
-81.06060606060569
-80.31496062992092
-79.59183673469346
-86.71096345514881
-70.695970695971
-85.1851851851846
-51.24193548387114
-79.93311036789267
-82.8178694158071
-5.012030075188555
-83.55263157894686
-79.23875432525924
-76.97368421052616
-82.87671232876664
-83.44370860927083
-80.7073954983918
7.980161943319786
-74.02597402597402
-81.34328358208917
-78.64768683273999
-85.07462686567105
-79.38144329896879
-84.66257668711599
-83.27759197324364
-71.223021582734
-83.81877022653669
-81.20300751879667
-66.55518394648878
-65.18987341772223
-82.75862068965489
-80.2371541501973
-81.06060606060568
-70.03745318352092
-87.13826366559415
-85.34918032786918
5.058823529411615
6.8388888888887465
11.630303030302919
-9.383673469387656
-59.59595959596036
-47.60794223826753
-50.75757575757653
-64.00000000000053
-78.87323943661951
-57.03125000000089
-11.120261437908441
-56.48767507002832
-48.51666666666718
-18.649999999999977
-8.394366197183079
-8.039852398523976
-8.862717770034836
-7.64848484848484
-9.97948717948717
-6.605668016194324
-9.59867986798679
-7.035797665369643
-11.27262247838616
-7.705660377358482
-9.05429553264604
-10.161146496815277
-87.49999999999928
-65.29968454258741
-60.52631578947422
-32.083922829582
-73.97769516728634
-27.033333333333292
-65.51724137931106
-76.60818713450284
-87.38170347003083
-50.53003533568986
26.865671641793348
56.00308880308893
2.593650793650472
31.802684563758334
29.106060606060538
-40.35087719298327
-81.01265822784774
-52.00902527075853
-66.73773584905712
-82.93515358361712
-80.99867549668961
-18.149466192170966
-42.83757961783449
-38.654258675078864
-86.34812286689358
-76.04790419161688
-36.388235294117564
-21.02340425531913
-9.67068403908794
-11.619667590027692
-8.713986013986005
-10.001587301587294
-6.102489626556009
-9.063082437275975
-7.930111524163561
-8.759566787003601
-85.91549295774584
-86.79797979798
-9.094557823129245
-7.662406015037586
-8.465124555160134
-9.140677966101688
-8.565724381625435
-10.001587301587294
-7.315384615384607
-9.92044728434504
-6.763745019920311
-9.755016181229765
-9.001369863013691
-10.199999999999992
-9.838263665594848
-10.001587301587294
-10.277639751552787
-8.10145985401459
-9.912987012987005
-85.55956678700299
-70.19867549668902
-34.782608695652534
-25.737540453074367
-62.50000000000071
-78.39506172839482
-75.16109324758897
-79.59183673469376
-24.050632911392327
-74.3589743589745
-56.521739130435414
-44.785276073620665
-7.749077490775855
-47.53086419753156
-40.39735099337819
-61.16504854369008
66.15957446808683
-51.85185185185251
138.150464396285
44.20759075907583
-9.374999999999767
231.34328358209117
49.35267175572517
53.15945945945947
-4.907975460122204
39.5202531645569
48.8847750865052
43.674074074074056
86.75483870967744
49.145283018867914
49.76111111111108
2.5714285714285694
-8.393197278911549
8.59870550161811
15.594092827004197
9.3655737704918
13.11119133574006
15.271559633027508
110.5691756272403
17.807443365695768
51.086080586080584
2.601734104046251
17.909665427509275
2.237383177570095
10.364705882352926
8.847712418300638
11.414176245210719
52.84498269896193
21.742424242424228
108.04397163120598
25.363440860215015
89.7235880398672
46.41935483870964
68.0309963099632
11.710038610038595
14.335483870967728
17.231707317073145
14.86315789473683
54.358823529411794
47.288524590163945
46.4423357664233
-7.051282051281731
180.73098591549373
40.06339869281037
34.43114754098348
169.19638989169718
40.984587813619996
224.02631578947418
-29.260450160772475
49.8611111111111
54.150197628462855
683.6937282229901
-6.24999999999946
113.17829457364854
128.87323943662304
74.06143344710046
152.55972696245703
201.4184397163153
-20.41522491349557
233.3333333333366
6.0606060606049255
-28.118181818181778
-44.078947368421375
-2.985074626865456
29.496402877697058
2.0408163265308223
-44.25087108013964
221.6884476534307
156.227758007119
-5.405405405405194
315.5405405405419
19.565217391303776
171.69811320755156
153.67647058823832
15.380952380951861
268.94736842105254
138.41059602649494
372.58272425249015
152.67563025210114
-45.945945945946654
4.895104895105618
561.9217081850437
277.90120481927767
608.333333333319
290.84507042253296
182.67477203647832
641.0242214532802
284.8920863309257
293.50180505413607
599.6587030716563
387.1471299093588
-26.73992673992748
133.1288343558327
168.22157434402794
225.51319648093462
38.40830449827304
426.71755725189274
-3.846153846153327
11.464968152867637
222.1473684210531
295.1048951048829
3.4482758620697185
-19.41391941392018
-2.9126213592228436
907.499999999986
3.703703703704431
359.0411764705883
-20.127795527157307
27.147766323025834
464.78405315613156
851.2987012986825
373.11398601398037
291.84952978054986
29.629629629631438
243.17343173430388
229.30143369175693
217.5689655172418
269.4915254237116
160.47904191617292
295.29400630914756
373.8833333333327
590.8396946564737
582.9268292682771
38.05970149254068
285.1351351351192
-36.61971830985995
209.59752321981213
264.9909090909086
7.526881720430043
39.476923076922944
30.19209621993113
8.695652173913924
373.85766423357643
464.8190476190483
566.6666666666497
443.0363636363552
70.21276595745212
212.9496402877655
373.6084249084234
67.7852348993341
304.5260869565213
283.71045296167216
198.25287356321928
366.5397163120562
208.43644859813176
410.09895470382935
43.30218068536198
18.320610687024477
255.17241379308595
226.7926829268298
312.73835616438225
329.13385826769974
321.2482993197277
316.28311688311715
246.1525896414343
342.5034482758607
234.05709779179912
41.53846153846082
415.1342960288771
364.2411764705878
52.94117647059256
25.059501557632366
325.0491803278687
508.99711191335325
517.6470588235113
239.10034602074975
223.89337539432285
251.91438127090345
135.71276595744726
274.31456953642453
222.93376623376736
-51.07033639143812
9.433962264152246
182.46753246753698
585.1211072664214
282.97872340423936
352.58732394366194
49.71783439490447
238.40987654321088
115.80166112956829
270.1298701298549
-57.57575757575838
425.10938511326395
267.067567567568
-48.0968858131496
346.5506493506492
171.50151057401868
242.27368421052654
360.16910569105556
174.14285714285873
21.739130434784762
164.35889212828008
-8.745247148288646
137.75540166205045
112.69262536873174
118.78226950354647
245.51495016610002
40.93954983922825
45.818566775244236
103.57165109034295
45.068913857678936
179.34522292993682
102.09064748201462
336.2561403508756
288.9830449826888
-36.689655172414334
42.30031347962374
169.52156862745105
308.4356435643564
334.3068965517231
52.210652920962445
305.7468531468534
244.95979381443323
285.4602888086618
112.07027027027036
287.6263157894734
41.05294117647055
225.19646302250848
-5.138339920948054
277.0166666666674
144.28595041322333
242.91908127208524
115.12727272727281
202.54777070063707
213.26666666666756
329.894630872483
339.7857142857138
124.59090909090932
48.09077490774905
-16.9435215946845
181.9672131147593
121.43465703971134
261.9498220640575
295.6061855670101
245.30238907849906
259.99999999998323
100.94132841328437
124.45070422535238
232.47553956834665
294.08305084745734
117.32413793103476
180.9704402515731
339.65714285714245
307.7247422680413
356.4744107744089
233.33333333332322
340.5286738351118
209.99605734767084
372.6454212454204
207.92214765100704
416.9215767634727
100.93053892215582
353.7840830449824
48.63851590106002
199.5677852349016
256.7054982817871
197.36984126984177
132.4321678321681
330.37142857142817
138.55886524822745
219.10067114094025
210.67961165048104
237.5885245901647
246.0254658385096
131.36291390728502
218.80909090909114
62.505594405594536
165.5689440993792
142.63594306049865
242.1050847457608
128.82975778546725
323.4704918032785
120.12388059701513
274.56829268292665
158.0645161290373
384.65620437956215
198.71844660194247
129.73636363636388
224.33076923076993
-11.97183098591528
47.18581314879002
453.89999999999816
50.41892744479503
144.90722433460115
262.32839506172854
226.04146341463542
216.5726962457345
399.8617021276517
210.69160305343593
292.4914675767749
70.3432098765443
154.8761904761907
253.33333333331817
96.47062937062952
151.61168831168877
202.87887323943767
110.52857142857175
218.0773584905669
46.87731629392964
490.85478547854655
54.41437125748544
247.92542372881388
44.918566775244244
124.00609318996436
284.13333333333264
13.807792207792161
36.55569620253157
274.53793103448237
271.5893536121678
130.23623188405864
462.2901639344228
345.3890034364256
228.41328413283168
67.22408026756382
263.39708737864214
300.4518518518525
341.85257731958706
185.86134969325207
241.31678321678368
469.0777777777748
140.0186046511631
146.73682008368357
124.3516605166059
47.92207792207789
41.628571428571334
247.56978417266248
173.31189710611412
234.4262295081865
333.0223776223776
153.11764705882396
261.15405405405437
235.5183745583043
33.89420289855068
37.19209621993123
105.08115942028994
282.1346456692918
-14.754098360655673
365.1661870503581
238.31012658227985
118.93491124260888
192.25813953488387
202.8391167192408
335.3028169014081
-8.127208480565004
274.0458015267008
219.99999999999184
132.10257234726703
383.247058823529
130.2165016501653
119.32491103202875
109.62247557003286
154.42727272727316
-10.596026490065983
263.64372759856667
333.89830508472926
631.6466431095353
275.4266211603928
30.06451612903222
-4.761904761904139
111.30433212996402
270.93076923076893
-15.540540540540588
508.4846153846137
283.8704980842908
342.1768707482838
-31.15942028985589
152.19186991869947
427.91560283687767
201.42162162162234
-3.3457249070625026
-29.88929889298976
494.4880546075037
251.3100628930768
179.75897435897485
296.55172413791286
202.61403508771954
237.03703703702433
359.5441064638778
-12.457912457912276
870.2090252707538
293.83561643833895
322.7312684365781
43.266475644702695
35.468493150684864
653.7363636363557
69.6000000000001
345.0739130434755
852.3296296296202
595.9706959706801
285.5101910828022
349.9264150943383
182.52822822822938
444.6058823529407
246.08906752411576
333.5937499999832
232.29751552795088
303.0944444444447
246.57039711190023
487.7536121673011
337.71043771041974
747.6682926829181
253.8000000000003
518.2276679841885
337.5405063291133
241.58762214983796
225.62727272727403
774.2518518518433
249.6862190812725
101.816666666667
309.78172757475045
145.34161490683687
345.2261484098939
182.95819935691665
70.13972602739744
173.92739273927876
179.12222222222263
430.0957446808494
191.536050156742
331.5626297577852
401.8450184501682
557.2666666666626
122.89552238806334
350.2377926421398
218.86956521739165
101.3000000000003
643.6027397260184
611.9068259385579
452.02527075811935
261.471428571429
766.5275862068862
370.5668789808891
242.55641025641074
576.7363636363579
149.08143236074335
254.82832764505162
289.8916967508859
253.99418960244736
539.1761245674716
565.7259259259217
189.73423423423517
82.33917525773442
248.65900383140206
385.7445544554446
209.92805280528077
332.7389438943882
308.5442176870746
396.5948339483382
285.63333333333355
195.64595469255715
328.6248226950357
294.6596491228059
246.87566539924035
154.6112359550564
270.3075471698114
290.32258064514525
247.8829268292685
471.79729729729155
456.4797583081507
107.28892733564071
175.8742690058484
546.8863481228567
372.80819672130895
247.93489096573262
688.8137931034375
396.8481481481458
309.563157894736
351.29870129868584
205.49163879598757
473.8536332179847
224.04181184668164
475.0915750915585
716.3217054263558
118.80540540540568
249.8189189189194
415.01935483870693
470.9219858155884
401.60707395498054
623.7580756013681
491.5343042071152
284.1
331.9999999999986
213.47962382445527
197.61073825503394
264.51081081081094
207.92413793103475
243.51428571428607
174.85380116959544
233.7295597484285
307.9999999999998
194.16878980891775
201.92105263157922
213.8888888888847
199.41844660194224
512.5788395904378
214.57814569536464
481.78473895582096
199.9857142857151
661.6421052631505
283.86632996633006
64.75095785441115
646.2624505928829
431.0551724137889
274.99999999998323
601.0309278350339
319.48517350157573
277.1920529801324
183.5222222222229
98.69322033898337
189.28148148148227
137.51038062283754
226.58705035971306
364.8333333333324
369.268707482992
574.2671009771807
317.1596273291912
338.20434782608515
267.3525179856118
337.4999999999835
250.62996845425891
329.96742671008127
401.1328859060311
165.81830065359543
300.06981132075464
86.30575079872229
184.92069970845532
381.997350993377
461.91694352158993
297.3500000000003
574.6113924050605
418.7103448275825
216.53883792049038
117.03902439024412
384.790225563908
420.2103448275824
82.33439490445892
336.97594936708794
292.7483443708609
324.0894736842078
292.56642335766475
405.44982078852917
932.599999999993
273.3328990228022
308.7040133779264
234.03902439024503
390.44701195218937
-48.88178913738098
850.1779359430456
354.3087719298225
294.82140077820975
177.75443037974765
432.0551971326148
444.77611940296714
847.9553903345552
319.4444444444306
621.0216494845306
686.0767676767579
645.1964539007026
379.233226837047
920.9999999999826
405.9810996563556
304.0423791821556
272.95120274914075
235.57919463087302
656.5622377622312
30.73344709897607
337.6368421052618
928.4999999999958
648.3870967741819
475.888235294116
162.99279538904983
437.79999999999853
432.8726591760291
849.1999999999884
384.52295081967014
233.61935483870997
534.9394160583917
209.4597269624582
302.46060606060615
28.992307692307648
284.4591973244152
32.74383561643831
374.5769230769225
353.53157894736773
215.2447552447557
364.8756554307101
34.848201438848896
492.136749116606
524.2750865051889
557.836986301364
197.8498281786946
864.7428571428452
140.47844522968222
618.1208053691112
280.3278688524438
317.47572815532277
203.2016393442631
925.4999999999925
171.70000000000041
649.0909090908902
208.99931972789142
850.5666666666606
630.2158273381103
493.75555555555025
315.16351791530946
277.19999999999925
366.7686274509793
860.1328903654363
191.11125401929294
747.750865051892
518.2336182336034
450.48859934851794
515.0490196078403
180.27681660900055
368.2779456193183
40.510701107010995
87.72563176895807
469.12830188678873
266.499041533547
314.7954198473286
269.81824104234596
181.42222222222262
134.58237547892733
-34.78260869565299
246.52904290429075
502.406060606059
93.13095975232216
515.1585858585789
472.87267080744675
838.498591549283
38.73780918727907
41.097069597069556
226.92307692306954
212.101910828022
252.75080906147284
366.8674698795052
541.0898305084706
300.5934718100744
332.0873873873876
664.9253731343091
383.1081081080922
73.65269461078356
104.21219512195594
-31.89964157706176
110.21021021021542
657.8947368420874
921.6999999999856
34.79209621993122
729.7872340425392
393.03725490195916
251.0326460481101
242.6791277258456
306.67605633802856
912.5999999999868
933.5999999999908
371.48288973382483
35.89209621993124
328.0065573770484
116.67241379310391
646.7532467532308
453.7459283387482
235.46646884273116
227.20588235293434
641.2587412587262
42.046245059288474
101.14942528736123
335.21594684383894
111.0444089456877
521.7948717948583
595.870517928284
354.54545454543756
639.6226415094184
337.2119741100306
40.8187499999999
909.5999999999838
359.07473309607093
905.9999999999847
268.0555555555417
909.9999999999911
905.5999999999921
905.6999999999827
429.184870848707
920.3999999999924
317.9763578274734
35.08918918918913
876.3857142857031
399.45901639344135
209.7345132743345
31.29743589743584
72.79411764706387
651.7482517482366
38.01565836298926
477.58620689653884
684.3934426229405
270.6273273273284
224.14864864864987
158.45816993464277
455.332432432422
449.40711462449127
927.2999999999959
528.1912280701704
926.7999999999874
526.1888888888844
344.5999999999988
344.19449838187586
875.7540925266828
931.8999999999879
602.6047138046981
939.4999999999923
925.6999999999935
490.88110236220336
335.0564625850336
34.20424028268542
29.131921824104168
398.179461279459
30.80606060606057
378.1414414414406
251.0742671009781
288.4294964028779
25.35911949685532
39.24532374100714
26.86237942122184
208.68167202572022
293.5786516853928
881.0962457337729
345.15531914893535
29.500664451827163
34.40977443609014
36.95714285714276
34.12978723404248
928.5999999999866
836.9333333333199
337.9285714285704
918.7999999999926
28.98867313915847
702.0477815699479
38.437809187279065
313.90447761194
920.299999999991
501.31379310344255
623.0587030716625
348.1481481481326
351.5050167223938
94.49756097560989
81.48148148148658
526.5517241379257
493.0913907284745
629.4870848708451
914.8999999999862
869.2307692307589
902.7999999999874
771.3826366559349
282.35294117645464
41.410701107011
258.06630036630037
280.7611111111116
213.0666666666677
290.40491803278695
660.5633802816745
253.5029520295205
196.28220064724977
504.13529411764057
278.2692810457522
336.463837638376
683.6065573770333
455.05151515151357
256.46883116883356
53.93333333333331
67.7309963099632
272.42653061224496
30.63690851735013
421.78305647840295
226.79738562090657
365.7527131782946
469.3391304347814
188.06410256410305
279.5841269841266
711.3772455089629
318.53059936908403
110.37831325301241
504.7181268882098
190.39251700680302
347.62231075697093
282.9647887323949
212.63355704698031
928.6999999999858
81.78832116788338
433.3333333333314
941.499999999989
927.9999999999848
228.25623100304054
750.7872340425469
-2.0979020979015477
554.0880503144507
215.8863192182419
362.94866920152054
287.5157894736838
435.02180451127555
535.6738515901033
279.8888888888893
243.4000000000009
214.46993464052358
307.01754385963756
331.98146964856215
40.84507042253857
773.1884057970975
46.986206896551664
24.755555555555524
-6.18144329896905
30.216949152542306
275.2473053892218
36.22913385826766
36.875886524822626
249.87234042553285
209.66178343949122
35.06666666666662
283.64210526315753
-3.6992366412213613
33.5172413793103
240.34967320261512
194.46984126984177
566.6666666666526
-38.77551020408238
371.76750788643307
919.8999999999849
-45.45454545454622
570.0680272108716
251.77889273356413
33.73860182370931
293.1407407407405
60.839160839165686
308.26936026936
201.02214765100737
494.02985074625633
278.8145695364239
30.434782608698427
401.779359430589
92.00000000000026
43.219083969465565
839.3939393939195
443.3181818181787
344.08945686899585
237.94184397163212
185.71428571429064
359.93031358883553
223.46666666666692
747.3350180505378
900.7999999999943
672.0220338982969
189.11564625850522
314.8936170212672
