-13.421476510067098
-92.90780141843871
-93.65079365079261
-93.8271604938261
-92.30769230769133
-92.53731343283484
-92.80575539568244
-93.3333333333323
-93.74999999999895
-93.67088607594832
-93.93939393939287
-93.69085173501472
-81.49215686274525
-37.50000000000033
-90.93655589123782
-93.05555555555453
-72.60273972602636
28.79999999999994
-9.174626865671629
-12.672622478386156
-5.57885304659497
16.976119402985056
19.41162790697671
-10.838940809968838
-8.411510791366897
-9.879487179487173
-8.054545454545448
-8.94812286689419
-10.765680473372774
24.583399209486117
-4.50739549839227
-7.152631578947359
-7.674358974358961
-5.958620689655165
-5.406405693950168
-6.664983164983154
-8.154545454545447
-8.80689655172413
-9.14812286689419
-9.366666666666658
-8.20145985401459
-9.685245901639336
-10.416099071207421
-5.0008849557522055
-9.10136986301369
-10.477639751552786
-9.885245901639335
-4.9181818181818056
-7.432824427480908
-9.585245901639336
-8.71549295774647
-10.751807228915654
-10.895238095238087
-8.354545454545447
18.120547945205452
-9.286486486486478
-8.954295532646041
-9.10136986301369
-9.510963455149493
-6.605668016194324
-7.762406015037586
-7.235797665369642
-8.665724381625434
-10.64194528875379
-8.565124555160134
-8.207246376811586
-9.92044728434504
-9.642105263157887
-10.492307692307683
-7.874626865671633
-8.094117647058816
-7.174999999999992
-10.120447284345039
-9.601369863013689
-8.20810810810809
8.432394366197155
27.09480519480514
26.70750853242317
12.071197411003212
-6.889552238805955
46.0230769230769
22.699999999999967
26.471428571428532
-12.28135593220338
23.19365079365076
23.447457627118588
-10.32810457516339
-7.488704318936865
0.13602693602690152
-8.170967741935472
-5.694076655052243
-8.291222570532893
-5.881818181818156
-23.594076655052216
-78.64768683273996
-44.65084745762716
-82.7586206896547
-82.0143884892082
-81.68498168498128
-81.34328358208916
-82.51748251748205
-83.87096774193502
-83.16498316498267
-82.6989619377158
-83.76623376623324
-84.07643312101857
-81.8181818181814
-50.00000000000082
-72.8682170542637
-47.368421052632414
-82.26950354609885
-70.26022304832752
26.608058608058506
-65.51724137931102
-68.96551724137979
-84.4236760124605
30.108058608058556
36.78242811501579
38.928571428571324
34.25569620253153
-75.00000000000003
-75.51020408163264
-81.54981549815457
-21.768707482994007
20.48048780487799
32.61081081081076
-33.734939759036976
19.061194029850704
18.276811594202854
-30.129268292683644
8.814613180515703
-28.570342205323545
-18.30065359477158
21.438271604939246
-55.696202531646335
-83.87096774193496
-84.56790123456734
-85.40145985401398
-85.61151079136629
-85.8657243816248
-85.8657243816248
-86.25429553264539
-85.34798534798475
-81.88405797101407
-78.94736842105237
20.017263843648138
-62.29935691318383
-58.333333333334146
-64.53900709219937
-83.16498316498267
26.189473684210363
-72.6962457337886
-81.06060606060568
-78.49462365591374
-72.50859106529231
-40.23904382470203
-30.65693430657012
-67.50902527075864
-4.818181818182339
-2.503174603174589
1.9389067524115688
-49.494949494950255
-78.18181818181797
-47.79116465863533
-62.343096234310444
-71.96261682243014
-82.20640569394973
-87.87878787878714
-83.10810810810761
-85.91549295774584
-87.38170347003083
-86.48648648648582
-87.65432098765359
-87.05501618122908
-87.26114649681458
-87.13826366559415
-85.8657243816248
-85.40145985401398
-85.45454545454484
-87.3015873015866
-85.55956678700299
-86.01398601398537
-85.07462686567105
-86.48648648648582
-86.88524590163865
-83.67346938775458
-87.3015873015866
-86.15916955017236
-85.8156028368788
-86.71096345514881
-86.30136986301304
-77.27272727272712
-54.545454545455335
-5.042953020134169
9.577358490566006
-71.69811320754742
-87.22044728434433
-86.20689655172349
-84.75609756097509
-83.55263157894692
-84.61538461538404
-87.65432098765359
-86.62207357859464
-79.99999999999973
-85.40145985401398
-84.4357976653691
-85.71428571428508
-87.38170347003083
-85.1851851851846
9.022314049586655
-68.15286624203858
-49.8327759197332
-85.50724637681097
-87.98798798798724
-87.76758409785859
-85.76512455515952
-87.49999999999928
-84.9056603773579
-83.67346938775458
-87.46081504702123
-87.6160990712067
-82.75862068965452
-70.90909090909048
-23.66412213740541
81.50684931507122
-72.88135593220363
-80.64516129032222
127.81065088757913
-64.28571428571514
-89.89898989898904
-93.78881987577535
-9.03174603174589
-86.75496688741637
125.3968253968291
-8.517350157729128
265.6957928802532
286.79717868338486
242.65734265733363
284.93529411764746
-14.590747330960783
-20.529801324503726
-11.439114391143725
-14.965986394557882
275.9259136212627
309.7744360902098
145.86591760299666
-11.660777385158983
-13.35740072202159
345.8204334365282
-27.710843373494814
220.63492063492072
465.91639871382085
329.5532646048029
327.7636363636358
724.7422680412218
-11.130522088353034
107.92727272727353
272.4137931034368
95.27926421404713
19.781456953642355
35.366101694915194
-7.869064748201593
26.666666666668704
-11.43911439114374
-23.87543252595236
-15.44117647058839
68.67719298245902
-33.554817275748334
469.89247311826625
126.8956989247325
34.22818791946575
48.67913669065146
67.24738675958679
51.40740740740894
80.67226890756814
42.85714285714637
231.18971061092563
-9.090909090909108
-20.79207920792142
-40.78947368421131
128.23521126760627
-34.169278996866005
-65.51724137931105
-42.372881355933046
-51.14006514658056
157.35294117647584
24.087591240878083
281.5789473684068
75.00000000000506
-30.147058823530212
81.94966442953039
-12.87878787878783
-0.36900369003630873
-43.143812709030925
-27.83505154639256
-39.71631205673842
-66.25766871165708
-44.07894736842185
-24.91467576791874
68.58237547893208
-26.751592356688707
-27.67295597484355
-19.117647058823895
-57.65472312703663
-48.27586206896633
-36.90851735015852
-55.479452054795345
-49.275362318841395
-28.338762214984538
18.51851851852023
265.6249999999869
-16.058394160584083
-49.10179640718643
-25.531914893617827
-35.59322033898389
387.84126984126686
904.1999999999815
106.11654135338391
400.0996563573833
318.86204379562065
72.52500000000039
141.6107382550384
63.93687943262438
611.4037800687192
477.80350877192285
657.4626865671478
120.2905660377362
502.73972602738354
254.74784053156225
282.0245614035079
220.16206896551878
720.5328358208826
30.14155844155838
21.951219512197206
909.799999999993
207.48224299065564
-78.02197802197784
182.60719424460584
75.14353741496603
421.5953890489865
188.12602739726117
674.0134328358071
102.95155279503129
-3.57142857142794
241.90370370370437
65.06410256410295
-78.1021897810217
-44.68085106383061
-24.187725631769656
43.884892086334574
387.33468634685954
44.98141263940857
76.81111111111119
26.923076923079186
523.9919003115205
-75.52447552447552
81.46844106463894
113.82040816326568
57.04436090225616
-7.692307692307313
169.50354609929616
158.8244147157198
268.3245614035084
54.92957746479265
10.032362459548175
1.0159609120520727
10.287947882736109
19.60876494023897
237.8630573248421
528.1415094339511
91.07986348122895
218.79811320754865
150.52887537994016
213.50301003344677
374.152941176469
302.41589403973535
41.44736842105591
9.090909090910397
-45.68690095846725
65.27610921501729
59.545484949833025
71.46060606060617
106.19888475836501
101.84736842105305
683.1918367346849
38.452941176470524
196.46601307189664
92.03051359516648
243.94782608695783
-6.148867313915298
-35.25179856115189
272.5333333333325
204.1518518518527
35.916129032258
300.6734006733877
187.14362416107448
142.90610687022976
241.00450160771766
77.51501706484656
347.4492063492052
612.5517241379214
292.9824561403332
107.62779369627577
101.38360655737753
277.1281690140857
52.51428571428575
40.93959731543975
128.51353383458698
16.182572614109482
49.090909090913144
54.36666666666666
159.22638436482228
37.95938566552895
201.6231884057979
69.46643598615928
-12.213740458015074
-12.225705329153463
77.95562700964666
302.0220338983044
114.03763440860237
317.1216216216219
30.002684563758294
171.95384615384717
216.71025641025662
360.9282685512346
176.78038585209077
2.893890675242007
91.40625000000509
30.757894736841997
133.13888888888943
239.27007299270213
28.023529411764635
88.22781456953687
308.23305785123847
66.96065573770507
203.2626865671651
203.39971988795574
43.31210191083168
334.28698884758234
248.37961165048637
311.52987012986944
202.9397212543567
178.14362416107483
167.54915254237386
336.89320388348256
167.92121212121307
255.97101449275402
401.4103448275787
179.66101694915747
6.560264900662652
378.8667820069168
87.26498194946114
227.64505119453167
200.94043887147527
28.57142857143112
201.0552447552454
20.00000000000206
364.68401486987614
475.34246575341245
99.93649635036523
288.52857142857147
104.45072886297731
-2.2801302931588685
565.5750929367952
-79.16666666666642
278.1880149812733
107.85714285714306
27.51677852349247
188.34451410658443
175.22446043165564
79.58685121107287
141.95073313783072
77.35849056604286
213.79310344827522
22.173913043478187
380.26315789472346
163.2238095238103
225.75695364238527
2.9900332225923667
121.97446808510693
381.24950166112575
94.14507042253597
442.3764705882334
257.3883116883129
267.51739130434794
65.49295774648397
161.39801324503384
165.34369501466378
249.13030303030234
226.96823104693212
32.91139240506613
249.09090909089355
5.839416058395326
5.83941605839534
112.64615384615422
271.8581027667987
576.666666666653
-6.249999999999517
155.42441471571982
110.03134796238774
101.93649635036513
884.6153846153657
183.62739726027445
96.78714859438287
-4.7619047619041535
168.20409556314084
186.1727272727278
187.16216216216586
77.89090909090922
153.24675324675863
16.10486891385944
2.7745644599302963
512.9032258064368
147.88947368421108
106.79347079037828
196.80526315789524
-2.107006369426742
152.82580645161366
-1.6393442622943015
68.31683168317343
35.70209059233438
-79.1666666666664
307.66550522646645
-7.894736842104891
97.47899159664382
429.8804780876318
-78.87323943661949
210.60000000000113
177.4308550185881
146.91358024691888
-6.810035842293434
235.26989247311906
151.7322580645185
304.13380281690183
236.4726618705048
265.56883116883176
140.11042345276957
-11.67192429022062
231.73645484949978
176.48823529411857
-28.57142857142941
-0.7936507936500501
92.44634146341497
162.70410958904185
76.17540983606588
103.82631578947421
122.77050359712283
122.37050359712285
-4.436860068258756
90.83478260869599
81.18947368421072
75.41111111111137
221.7474916387976
-80.1324503311255
-83.76623376623324
-81.75182481751783
-81.48148148148108
-82.40469208211098
-1.030976430976434
-3.047368421052628
0.33498233215547657
2.1270270270270224
3.3884462151394317
-2.7950617283950514
115.93934426229532
-1.7543859649115123
66.20510510510539
61.94758842443734
71.41111111111155
76.38257839721285
107.95964912280732
61.85932721712564
95.46363636363664
61.65635738831649
15.927586206896486
43.83851590105992
69.14918566775295
64.81267605633818
-3.34572490706273
239.73404255319213
115.79063545150561
1.010101010101903
-83.16498316498267
-82.51748251748205
-79.522184300341
-78.41726618705015
-79.23875432525924
-82.1428571428567
-81.88405797101407
-79.7979797979795
-76.09561752988041
-79.86577181208023
-3.828486646884265
4.988679245283013
-2.019354838709667
-2.815877437325895
-79.99999999999967
-4.556026058631909
-76.56249999999994
-2.0513513513513395
-5.656026058631905
-78.18181818181799
-4.527868852459003
-77.44360902255626
-0.9309764309764326
2.055852842809358
66.8102310231025
8.18378378378377
-75.26501766784455
-75.4601226993865
287.8205128204985
287.53333333333296
237.88550724637707
223.4666666666677
32.599999999999916
26.64587155963298
208.26593059936994
265.6916317991641
27.732432432432375
144.17482993197314
5.412244897959173
5.255900621118002
1.3096514745308312
-2.7874213836477892
27.500664451827127
37.54057971014483
13.22569169960471
2.0456375838926135
1.7666666666666622
-0.20864197530864104
8.80207612456746
8.78275862068963
10.837037037037025
8.498305084745738
154.96199261992678
-69.07216494845407
178.1703583061901
79.4531135531137
72.19090909090933
10.574721189591049
13.816326530612209
8.00031545741323
7.102076124567443
227.43114754098457
227.86885245901033
81.23439490445872
196.8471760797356
213.99317406143237
-60.714285714286525
-72.22222222222244
169.36026936027457
217.72575250835834
620.9302325581275
528.0085324232012
42.67235494880542
133.64485981308937
-68.64111498257888
283.4588235294122
221.97557251908512
143.93582089552274
280.6673400673405
399.1601226993829
263.63636363635186
101.1508771929828
208.3019607843143
304.02413793103375
59.09090909091377
415.67730496453686
145.980821917809
64.4295302013474
381.244444444443
137.17948717949227
383.4437086092583
210.29863013698713
845.2106312292271
909.899999999994
287.69230769229284
111.4285714285765
441.6450184501834
566.6666666666516
387.17959183673395
664.7058823529246
331.67701863352585
293.67163120567426
377.0642201834711
869.4449275362259
380.5894568690074
98.99322033898324
249.40415335463393
309.24999999999983
122.22222222222692
137.51304347826104
529.4573770491763
278.4859154929585
262.87741935483893
114.98371335505419
23.687179487179428
84.77734627831735
32.05915492957744
439.74429530201184
872.1461538461431
276.87532467532515
30.419178082191735
31.602649006622457
631.305555555548
127.15165562913938
441.1577464788723
97.9816901408452
31.5405594405594
285.93333333333294
115.4821548821553
67.3003802281421
85.74581939799364
271.80335570469816
35.616129032257994
332.05255972696096
29.246979865771756
348.7898305084735
562.6727272727182
72.89554140127402
25.17142857142852
330.58571428571423
97.13478260869573
115.32679738562126
33.271841155234625
38.92452830188675
35.60424028268544
342.9792452830179
27.640350877192937
33.95567010309274
30.164516129032222
23.193650793650768
35.58028169014082
455.9999999999963
36.19393939393936
36.981949458483726
310.1271523178808
143.31034482758648
353.59673202614243
384.94444444444395
285.63333333333327
340.81016949152433
241.0847025495753
208.60476190476263
137.91016949152694
156.42727272727302
71.26159695817509
286.10704225352123
253.9518900343492
368.58181818181663
346.1077844311245
126.95625000000024
308.82293906810037
246.2857142857152
302.1525423728811
57.807594936708895
344.18245614034936
99.9041811846691
122.57053291536582
197.93157894736882
151.7000000000004
290.64109589041084
86.56689895470392
76.50895522388076
60.998581560283796
331.9065573770487
301.12608695652176
137.65572519084006
376.19047619046097
-30.31358885017455
376.99459459459354
275.17557003257394
730.951612903219
238.15028901733123
11.84210526315692
361.80555555555463
346.50637450198934
58.400996677740935
56.22807570977932
246.25743944636707
9.142087542087857
97.10512820512832
-21.921921921922465
312.27142857142843
407.19865771811834
52.690553745928455
131.16762589928086
-15.49295774647883
-27.37430167597846
192.84905660377436
63.60636042402835
47.88165680473375
347.8084507042255
114.80989399293301
389.06241134751707
-21.630094043887606
53.46732026143803
146.7305841924401
121.89658703071711
242.88571428571544
106.89655172414288
337.523943661972
239.91428571428673
-16.083916083916105
65.62500000000324
-18.566775244299894
66.9848484848486
253.15384615384636
224.52830188678453
55.7478827361565
103.08441064638833
61.17279151943467
568.9419795221667
-17.721518987341984
2.2727272727282566
251.848051948053
341.5974025974014
50.00825082508263
229.2259786476797
181.04575163399224
57.700996677740974
87.21273408239885
292.0346534653465
288.28904593639606
104.35789473684221
313.8598566308219
-4.25531914893552
252.39641577060974
-20.152091254753422
70.22818791946496
39.94532374100716
24.5674740484451
10.738255033558163
305.2272727272721
230.93525179855177
340.90180505415
55.12631578947372
577.8537313432762
313.2161073825502
230.52739273927438
203.85816023738954
66.66666666667166
32.41081081081076
155.85655430711643
102.68677042801575
40.19205776173281
72.63843648208993
264.80270270270313
511.45841584158086
388.8234432234419
32.54969325153372
282.2827586206892
57.03537414965986
288.293220338983
28.103773584905632
138.45633802816948
234.592277992279
125.33511705685663
193.24615384615421
125.66896551724165
564.6179930795822
290.0622149837136
192.1421221864958
32.89032258064512
340.5594405594252
415.2666666666634
160.27397260274452
319.8999999999995
64.23357664234084
535.184615384609
292.53035019455217
753.7774193548297
24.16107382550566
349.640404040403
218.0670658682647
265.15120274913914
-30.523076923077472
43.344709897614656
50.60614886731395
161.90476190476673
307.0604026845638
688.4615384615214
160.6316455696211
-1.0238907849820944
58.63922261484096
39.057142857142786
293.5612903225808
118.27777777777817
91.49550561797768
250.9326460481101
282.9554770318022
546.2864864864819
91.2630662020929
455.00555555555326
289.4249070631976
217.24519572953847
359.22868217054213
285.50332103321034
127.26296296296334
187.23682310469354
64.79609609609612
207.69230769230614
320.92587412587363
202.6315789473682
-63.30275229357879
72.1534351145039
-60.43165467625982
16.210752688172008
358.15932203389724
304.5136986301371
37.90209059233441
147.85844155844237
12.407092198581523
-51.38888888888971
-56.363636363637184
-65.07936507936581
20.870479704797013
58.140875912408816
15.057142857142814
-59.259259259260084
32.785836909871186
5.4488817891373635
-63.210702341137946
210.60606060605653
25.963440860215
-59.044368600683406
260.9186851211075
271.5370860927156
-45.578231292517444
26.171428571428528
300.7220216606332
75.85492957746496
-28.31541218638066
79.07811447811464
604.4673539518811
411.25714285714105
254.38596491226363
362.6647058823521
544.4444444444257
315.57435897435846
262.3188405796932
447.46391752576983
161.49425287356857
336.4181818181805
903.3999999999888
230.27522935779183
189.60810810810878
228.26747720364068
255.95335689045976
168.06585365853743
199.51844660194243
64.63809523809533
413.4228187919308
119.59459459459924
340.99287925696603
223.23232323231582
892.7272727272597
265.0306748466121
840.0749063670289
340.31744966442847
483.06188925080255
293.0842105263155
-13.907284768211822
4.294478527608415
155.3191489361755
-10.958904109588767
342.1073825503305
223.77027027027137
903.799999999985
900.0999999999805
17.424242424242124
48.93617021277016
49.606299212602565
636.6666666666507
66.28518518518854
418.7319884726064
243.49090909090927
442.4242424242365
20.094520547945095
341.86046511627967
506.21498127340624
355.2845528455138
-70.80291970802945
-38.14432989690775
244.20289855071456
66.66666666666653
160.8006711409398
-49.20634920635008
182.31292517007068
258.7786259541865
-6.666666666667233
858.3333333333205
348.2758620689551
21.527777777779654
859.0443686006635
260.92715231786696
648.4237288135537
256.98199233716485
189.25432098765535
620.1492537313263
