-2.331448763250858
-80.87431693989033
-39.33207547169827
1.622304832713759
-10.041772151898726
-10.299999999999992
-9.566666666666658
-9.059169550173001
-8.10145985401459
-8.307246376811586
-10.260815047021936
-8.03011152416356
-10.54194528875379
-9.528104575163391
-8.107246376811586
-8.662717770034837
-9.738263665594848
-7.54848484848484
-11.759891598915981
-8.854295532646042
-10.515407854984886
-10.330061349693244
-8.263082437275978
-6.202489626556007
-7.5624060150375865
-8.159566787003603
-7.830111524163561
-10.623952095808376
-10.292307692307684
-8.415602836879426
-9.266666666666659
-11.039306358381495
-6.273469387755094
-8.759169550173002
-9.442105263157888
-8.662717770034837
-7.894117647058817
-8.2115107913669
-8.662717770034837
-8.806896551724131
-8.365124555160135
-10.216099071207422
-9.585245901639336
-8.414285714285706
-8.2115107913669
-8.10145985401459
-10.330061349693244
-11.17262247838616
-9.266666666666659
-8.159566787003603
-10.021383647798734
-6.763745019920311
-9.22207357859531
-7.7187265917602925
-9.086486486486478
-9.354966887417211
-8.994557823129245
-9.398679867986791
-9.266666666666659
-9.001369863013691
-5.893277310924361
-10.478787878787871
-10.330061349693244
-9.086486486486478
-8.51549295774647
-8.107246376811586
-10.199999999999992
-7.618726591760293
-9.57068403908794
-6.033333333333324
-8.465724381625435
-8.613986013986006
-11.138681948424061
-10.695238095238087
-8.901369863013691
-10.972093023255807
-8.854295532646042
-8.054545454545448
-9.941772151898727
-10.659701492537305
-9.442105263157888
-82.01438848920822
-85.34798534798475
-81.7518248175179
-86.11111111111046
-92.15956678700375
-82.39436619718246
-82.45614035087674
-82.51748251748205
-0.9577060931899304
-8.982524271844632
-28.091836734693814
-4.959778597785961
-14.433110367892928
-4.94094488188972
-82.24852071005876
-54.37769516728652
-80.19801980197988
-81.76291793313028
13.402061855671722
-58.33333333333409
20.859934853420164
-63.08724832214847
-76.02739726027393
-86.88524590163865
-78.94736842105236
-77.69516728624518
-83.44370860927101
-62.42774566474065
-84.12698412698359
-7.111326860841546
-83.71335504885941
-82.93515358361726
71.64179104478123
-82.99319727891108
-87.34177215189803
-82.99319727891108
-83.05084745762663
-81.48148148148108
7.374999999999993
-83.27759197324364
5.263157894737695
99.53174061433499
-25.00000000000082
-2.1589743589743406
99.35797101449282
-2.2773049645389882
-55.553696498054684
125.68093385214351
234.63645484949956
176.88191126280023
163.32845849802388
-27.86885245901718
17.088607594938424
207.60512820512903
118.98226950354643
121.94171779141129
325.8136518771317
120.14117647058839
258.1300330033004
-3.1141868512104494
1.0830324909756088
-10.891089108910652
139.95753424657556
455.91481481481
21.457489878544678
-18.49529780564286
416.3661016949111
187.23221476510093
220.5269662921349
-17.431192660550604
305.03205574912846
10.50363036303628
6.583072100314686
343.19257950530016
261.86723549488073
205.24569288389526
82.9383561643838
14.64074074074071
232.51379310344845
231.6137931034485
257.62020905923384
228.85906040267577
103.68850174216037
-9.090909090908717
243.58093645485036
-2.5270758122736745
113.95719063545184
186.12401215805542
183.21898734177293
-9.999999999999728
238.36646884273085
148.35161290322603
114.02857142857155
194.13423423423515
99.68686131386872
232.91379310344843
158.16708860759576
85.383950617284
198.03921568627243
205.52442244224451
52.41635687732776
-4.436860068258756
-22.388059701493038
136.73170731707336
390.0755102040809
158.1654178674358
342.25510204081604
214.50758122743707
214.82465753424674
-10.299003322258883
8.92758089676704e-13
189.18688524590252
325.9703703703692
180.6703910614532
155.04838709677466
-0.36900369003602096
123.31428571428617
-10.769230769230708
626.3722689075622
130.02252559726995
-10.958904109588781
-22.118380062305764
361.04568690095795
77.50324909747296
321.95396825396773
148.5817518248179
-7.849829351535574
343.15387453874496
118.7915129151294
-20.12779552715688
-7.216494845360355
-0.3322259136204732
65.01650165017014
100.76164383561665
432.84851485148397
41.89189189189523
-1.9607843137247192
246.37741935483962
190.9839116719249
349.66951672862376
378.75844155844
182.81428571428646
412.71346801346584
87.50000000000526
157.25000000000037
171.091126279864
275.07317073170725
226.7326732673191
231.04528301886876
179.09349112426116
371.67565543071055
119.97175572519106
303.30760456273765
236.7270270270277
376.98754448398495
23.809523809526127
158.71865443425142
221.98142414859976
127.27692307692337
104.7370370370373
273.4931506849307
363.84982578397074
221.13592233009757
330.1266211604083
252.37834394904485
106.2728222996517
112.03174603174631
343.91095890410895
336.028136882129
237.76976744186146
395.0444444444436
117.91518151815208
219.66666666666717
-21.135646687697577
66.59078014184419
135.59180327868887
363.56470588235203
79.42664359861595
78.82907801418453
143.23623188405807
113.56741573033725
135.59180327868887
-36.170212765958276
269.75406360424046
137.20371747211922
177.5862745098045
312.82861736334314
-16.41791044776127
178.88908554572305
110.91452145214552
-0.09444444444444144
201.8275985663088
68.89491525423739
258.8389891696751
50.79999999999997
93.93583061889274
568.845901639336
150.80226537216868
58.18625954198474
265.8189781021907
73.19010989011034
141.17973421926945
180.77951807228985
-0.7092198581551852
388.3902255639076
166.81337792642205
222.23209876543322
103.95857605178037
83.88395061728407
140.6580174927117
244.69855595667883
158.78359621451148
87.68192771084355
194.3749103942657
55.61643835616441
60.716216216216225
61.125423728813544
62.825605536332205
194.11764705882416
94.51578947368434
249.26470588233758
243.00869565217397
-41.580756013746516
151.1824561403514
26.146017699115
79.5111111111112
49.01418439716308
162.9213114754102
88.61503267973875
51.74576271186453
45.85757575757572
41.98620689655184
139.11379310344836
55.32423208191129
68.80370370370406
52.73968253968256
49.4473684210526
56.471241830065864
54.84576271186438
118.59740259740278
72.97969348659028
69.97761194029884
120.45670498084297
51.85384615384642
224.01192052980187
26.642857142857075
428.71748251748124
163.7779552715661
356.1268551236746
66.51986970684048
35.28947368421046
25.216181229773397
64.89051094890513
80.33846153846159
145.27346938775526
103.76666666666677
57.41523178807978
48.774294670846885
103.44618473895619
57.92459016393448
53.39700374531833
59.05248226950357
295.847735191637
59.400996677740864
53.40128617363345
210.53494809688607
88.5338983050849
54.907042253521155
132.86666666666693
60.605211726384425
135.81130742049484
135.53076923076932
61.436734693877554
141.46666666666698
-3.9331103678929686
45.47507507507501
308.41798561151006
229.16923076923106
65.53809523809528
49.64736842105262
41.91661721068243
44.246312684365705
137.20909090909112
54.859459459459444
53.008250825082484
277.3520599250933
69.20000000000009
329.47380073800656
66.65427509293683
165.50270270270315
54.84572271386429
134.15878136200743
99.72272727272754
182.29459459459508
140.59576547231316
118.07391304347848
66.44412811387906
132.4000000000003
111.6444444444447
220.59280575539643
382.0569579288002
92.6060728744942
321.3049535603719
142.02996254681662
175.4493827160502
480.0839857651198
283.0307692307687
282.4841269841268
141.62724014336942
357.86190476190427
70.09444444444455
69.95842293906814
134.74693877551044
247.517730496439
11.524163568774755
91.24368231046937
-1.4084507042245804
235.31020408163292
292.46957928802544
229.92457337884034
80.22405063291157
247.03021148036288
256.9131832797265
686.372992700722
204.04924924925052
85.23848797250872
79.70110701107025
-4.109589041095264
310.98516320474806
173.80952380952922
133.5666666666669
-4.109589041095264
69.81082802547778
276.75205992509336
251.2143812709037
128.84012539185483
69.79278350515476
216.10942249239727
336.70886075947766
117.25239616613945
438.8421602787428
140.80267558528965
471.95571955717935
298.9177304964542
279.32432432432506
13.138686131388427
139.85239852399016
458.4905660377184
276.87739938080546
105.49883040935694
456.92857142856633
215.99967637540513
3.2028469750900506
196.94720496894533
50.89999999999998
354.4433447098962
293.9226415094335
481.19729729729397
86.13492063492086
93.78620689655195
145.4393013100439
101.90793650793681
351.0659863945548
144.80232558139667
210.8652482269516
207.35838509316832
115.02578397212557
292.3354838709676
217.1641791044709
262.12624584715877
122.33430656934337
116.8946107784434
410.246204620461
272.54901960782604
223.74100719423805
92.55212355212372
130.26877323420098
-16.94352159468453
94.65648854962367
371.6571428571416
287.18971061093197
182.14285714286152
274.60140845070475
288.4013071895427
124.48979591837235
357.9179211469521
236.3697674418611
125.85130111524191
338.85313807531315
-5.405405405404906
393.32724252491505
-24.19825072886366
126.16216216216245
83.16031746031776
288.86271186440484
362.63508771929503
90.39550561797776
117.34615384615418
97.65033112582816
116.68493150684958
105.93103448275868
352.84946236559057
0.6000000000000014
169.59247648903357
304.4819571865443
333.7584905660367
327.345801526718
4.895104895106016
205.81072796934896
235.27402597402696
308.7945525291824
-8.196721311475224
233.33333333332197
111.0823529411766
100.2482315112542
89.30502793296111
103.01262458471774
1.678073089700991
123.68421052632067
106.17647058823556
297.68339768337916
160.5633802816956
107.29249011857732
60.17316017316518
210.69225589225707
288.0947735191629
102.08019169329113
258.08323353293315
70.13687943262431
232.19726027397294
120.18154981549853
226.10299003322373
55.78888888888909
31.885836909871195
22.52463768115937
284.8797250858942
267.99622641508626
76.10740740740755
-0.3322259136204732
65.41681415929598
214.8148148148083
489.09090909089
676.9516728624355
262.9888178913724
253.35689045934745
244.82929292929384
241.2162162162034
194.91525423728783
244.20289855071337
196.69023569023645
-31.677018633541184
394.99897610921164
416.41475409835795
-3.780068728521677
436.31538461538366
69.82684563758411
250.0574394463669
246.00866425992723
78.58750000000053
420.3904761904735
42.85714285714653
143.40541516245517
486.41690140844736
501.50375939847675
282.35294117645327
81.92987012987048
263.11345029239567
262.53576158940405
342.9999999999987
117.44375000000034
78.7188405797103
428.10487804877624
81.24252873563238
287.6811594202724
110.16949152542875
220.82500000000084
383.44709897610664
535.6589147286668
196.3993288590607
265.6108108108105
206.93544303797566
257.33588850174124
199.46549520767044
305.74814814814744
221.92278481012787
92.49405204460993
77.06842105263304
342.03333333333194
629.9999999999833
281.11578947368275
92.90000000000012
932.6999999999952
179.7619047619102
328.0821917808049
274.5278911564626
237.83783783782638
361.7940199335371
449.599999999997
414.8919093851101
200.93661971831062
258.3923076923078
51.68591549295775
368.56245487364464
345.52885906040075
142.32081911263327
233.49726027397298
106.61132075471886
369.59459459457804
369.3251533742181
95.51282051282561
435.7142857142678
100.26477987421434
325.53191489360074
256.16438356162763
442.84819277108164
-19.58041958041986
408.5773049645369
656.4575645756314
498.5428571428531
871.0925373134224
172.02112211221163
87.35748987854284
133.76623376623905
418.2724252491521
505.6338028168857
358.50141843971585
126.22950819672653
219.25768025078492
266.0035830618899
241.61490683228578
101.77507987220501
218.22068965517266
599.9703703703631
596.2962962962777
98.43131672597902
188.20412371134046
419.28852459016167
259.91917808219137
923.2999999999927
504.1666666666573
102.45789473684232
375.24752475246
122.52650602409682
95.8616438356169
516.7814569536388
68.66274509804259
120.18362989323887
705.2434456928677
255.14784053156234
325.7425742574097
936.9999999999928
673.291925465822
281.896197718631
769.901115241627
699.9999999999818
213.16725978647187
347.89653179189804
909.5999999999794
382.20064724917347
391.84074074073885
206.93069306931164
284.9198555956674
72.04301075269328
45.907473309612406
489.5405797101381
32.84132841328709
44.40977917981071
697.7528089887459
83.20274914089566
578.3439490445669
347.45971731448714
182.52904290429413
154.71698113208066
204.82758620689683
52.54237288136006
114.3733812949647
280.7829181494496
433.9941176470576
25.461254612548473
170.11494252874093
256.2197278911563
58.69640287770005
296.1932515337412
29.7071129707139
290.74545454545387
171.58012422360295
56.46258503401682
198.96209150326865
236.469014084508
127.57272727272775
904.799999999981
186.6666666666698
360.207612456731
217.22790697674446
927.8999999999925
216.51428571428616
856.8345323740804
921.6999999999869
412.42236024842896
210.89605734767073
222.14765100670476
108.02989690721688
834.210526315772
928.1999999999924
224.12673267326778
211.84285714285747
242.79750889679775
335.6068965517225
261.0663299663245
846.8289855072381
366.44385964912004
11.52416356877467
372.3222222222206
174.8344370860974
174.44794952681903
33.32585034013599
10.687022900764699
-15.824915824915863
267.69999999999953
275.43232323232314
345.12239382239227
523.1857142857082
19.888888888888445
131.48717948718044
498.57272727272016
318.3363636363636
207.000000000001
572.189169675086
20.000000000001947
2.6490066225154267
273.18181818181813
29.370629370631995
287.45387453872814
679.4117647058636
328.722377622377
35.38028169014082
235.54817275746373
145.2830188679297
313.36423357664256
277.92941176470583
277.1191126279863
235.0634812286699
27.25618729096982
339.6172185430458
-26.73992673992753
298.7052631578944
478.89635036496134
918.7999999999826
29.142857142857117
226.83754266211716
59.15517241379315
339.31351351351265
160.00000000000523
-7.1729957805902185
67.91044776119915
355.8823529411595
104.49613899613938
378.1833333333327
548.2344709897543
168.55123674912153
232.70252365930693
35.629787234042496
234.26778523489966
145.9016393442674
31.70066445182718
657.8270270270124
129.60725075529206
150.83612040134327
149.14675767918618
206.51340996168173
328.0821917808078
293.10344827584413
91.63763066202594
467.85714285712436
381.67021276595545
281.8306122448976
226.02457337884053
37.57719298245917
255.040438871474
-1.7543859649115408
34.980281690140814
34.264179104477506
75.21764705882381
162.98701298701818
375.72815533978866
564.4295302013264
15.38461538461648
475.34246575340785
251.43769968051066
514.2857142856956
609.9697885196201
507.0287539935939
423.2067510548348
295.9999999999818
636.6675276752753
220.50476190476226
925.2999999999852
396.7669201520903
275.86206896550215
262.1707865168537
911.099999999986
197.10144927536246
370.76923076921486
235.8490566037616
197.0129870129878
613.8461538461393
222.09863481228746
446.03174603173005
268.32549019607876
473.0592833876186
83.96363636363652
153.1250000000051
360.14492753621516
179.06976744186602
119.30955631399388
426.2166666666581
-53.177257525084435
719.1126279863281
228.76712328766163
144.4444444444493
916.8999999999804
376.36363636361847
340.5144694533586
375.17730496452276
225.8480144404336
522.3021582733635
183.35897435897493
228.70000000000093
815.0007874015696
287.38591549295813
723.3641791044644
98.86153846153881
383.60655737703036
268.63506493506566
576.8707482993212
223.2232876712332
560.7628482972082
387.26363636363436
217.64705882352274
59.92777777777967
75.90895522388075
390.49665427509007
920.3999999999841
72.00000000000514
371.299093655571
161.4379084967373
98.92209737827795
902.9999999999858
123.91472868217085
12.22752613240415
376.70250896055774
204.05405405405196
291.14210526315674
167.69279538904973
202.2508038585206
111.497570850203
499.36908517348326
353.846153846137
229.33913043478293
670.3999999999941
695.4298245613948
95.59283276450542
58.771936758894526
389.11339563862674
249.51456310678267
343.23457249070566
150.00000000000483
291.6083916083748
6.164383561645037
264.8277777777784
326.9819397993312
488.95555555555023
208.52481751824922
228.20000000000095
164.21404682274795
434.41226993863876
259.1549295774477
277.72253521126805
281.6064516129031
322.4924012157914
235.44303797467256
206.63076923076952
917.7999999999919
212.83883792049056
367.94871794870255
494.9948905109478
709.3148148147988
235.7031055900624
276.5822784809959
495.31772575249295
50.07272727273224
738.0281690140657
-15.44117647058821
902.5999999999788
227.72706270627106
182.13602484472204
290.60389610388444
107.9598639455788
447.6749999999876
736.7267175572491
907.4999999999815
923.099999999994
256.70194552529114
920.1999999999866
922.9999999999916
692.7746835442962
701.710810810797
921.0999999999842
359.4689655172272
918.1999999999836
281.0742765273307
929.5999999999871
867.0534246575186
352.5032362459509
277.7777777777631
496.93307984790704
908.6999999999821
714.5666666666568
286.5442748091607
292.37086092715083
876.5993127147627
223.10066225165605
919.7999999999829
191.9254658385103
733.7706766917191
318.1217993079581
347.32822299651457
852.8058823529254
371.38047138045357
915.3999999999828
558.7964028776922
734.4594594594413
849.4949494949286
277.521613832838
358.46153846152214
191.42330827067738
401.2655913978457
224.41471571905623
500.20631229235346
275.8999999999996
593.0842105263066
116.70650406504089
235.61837455830428
251.38072289156702
363.69090909090863
742.2931506849227
884.0252788104016
31.47410358566026
371.7607973421758
283.8580204778151
852.7272727272536
227.86885245900726
558.0645161290289
578.5714285714121
107.35714285714313
93.90512820512843
689.8328519855575
935.499999999985
934.5999999999939
914.8999999999901
485.1851851851677
401.37615894039624
312.81111111111125
930.1999999999849
885.2036496350246
673.2999999999905
732.8965635738728
184.70097087378687
922.1999999999874
570.5882352941012
315.83636363636333
920.599999999985
426.959077809794
127.41228070175475
217.03790849673297
916.299999999993
590.866666666661
550.375939849604
843.3962264150789
923.5999999999857
925.9999999999923
196.08206686930177
489.5677115987413
265.77009966777456
927.099999999987
674.0963855421562
292.76433566433565
688.0566308243657
707.3483870967679
425.9259259259081
320.68965517239536
299.2426116838481
708.0197802197749
220.72607260726107
322.47554858934166
75.51423220973795
124.71910112360081
914.4999999999936
374.51081081081026
940.0999999999954
407.130388692579
276.1208588957043
150.6079365079371
560.8122866894121
673.5241379310247
877.6676056337891
577.3049645389905
934.2999999999865
826.174496644276
923.1999999999822
680.9750830564739
304.90797546010594
227.6450511945298
659.1111111111018
690.6253731343191
279.5132530120487
70.90909090909594
618.978102189763
864.1809523809461
