-8.674074074074024
-9.97948717948717
-78.02197802197793
-3.3285714285714114
-71.87500000000011
-84.12698412698359
-94.41340782122796
-73.8562091503268
-54.86111111111161
-55.223880597015366
-54.70383275261373
-23.076923076923002
-63.76811594202951
-81.48148148148078
-83.10810810810753
-55.22388059701555
-29.629629629629733
-72.12543554006979
-62.12121212121271
-7.761971830985825
28.040579710144762
-4.075975975975954
-15.051118210862608
-6.960869565217365
-6.010344827586184
-6.749458483754498
-3.3666666666666405
17.44210526315785
89.39283276450543
-21.197173144876263
6.933333333333323
-7.343708609271511
-7.077591973244136
4.627835051546391
-9.301459854014587
-9.007246376811583
-75.68389057750753
-64.16938110749275
-44.82758620689757
16.526690391459134
-3.7357827476038175
0.06666666666667354
-0.48490566037736116
6.56363636363632
-70.77922077922108
17.612781954887183
20.976923076923043
19.10163934426228
15.782926829268256
19.663345195729505
84.03848797250879
45.17627118644063
31.67297297297415
-32.65993265993345
-15.129151291512846
5.442176870749382
-40.677966101695674
-48.6301369863022
-61.63296703296749
-43.730303030303716
-12.052117263843538
-46.372239747634815
-57.7922077922086
-77.46478873239404
-76.58862876254169
-67.74193548387136
-57.29537366548121
-40.95940959409655
-13.043478260869783
-18.032786885246594
-53.488372093024054
-0.09405940594110263
163.73626373626848
28.805940594059344
36.37647058823525
25.71393728223145
35.881818181818076
-74.16974169741707
21.773186119873777
34.1802816901408
26.70750853242317
67.39491525423733
531.3292358803897
345.9453987730039
29.67101449275357
36.79147286821697
29.194160583941525
628.9377289377189
80.61052631578968
32.89999999999992
19.599999999999937
28.88194945848369
24.99999999999993
28.199999999999925
26.93846153846144
20.983333333333277
791.1564625850239
376.15679758307823
31.324489795918296
25.323529411764618
394.37730496453673
527.6595744680798
46.486956521739074
233.41428571428656
10.114285714285703
7.957046979865758
15.707792207792181
221.21760299625504
44.82307692307684
65.71079136690665
142.23087248322193
63.38496240601509
569.6030927834964
445.4060606060445
154.77619047619106
143.91971830985983
146.81552346570425
926.0999999999914
926.6999999999852
464.6898876404463
726.3786941580655
457.14285714284057
272.6650455927069
148.1333333333336
355.5647058823521
181.9222222222225
-79.16666666666642
-73.85620915032692
111.73333333333372
50.57915057915478
93.56125461254635
65.26302250803862
62.83333333333336
87.19970674486825
59.64707903780071
3.8575667655795227
269.48235294117814
227.36882129277672
95.4372262773724
335.7497041420109
147.43333333333388
-56.95364238410675
-84.27672955974788
-79.7979797979795
-65.25096525096588
923.0999999999939
658.4999999999949
480.6186379928289
23.755555555555517
285.26928838951284
445.7516339869136
386.7677966101678
253.3690721649486
398.2616724738658
546.4415730337054
268.58974358972796
226.32457337884046
279.59932659932684
347.72542955326395
231.96065573770156
312.4087591240718
42.274125874128615
363.4275618374555
-6.249999999999574
345.7652329749096
277.4996389891695
90.10147601476183
376.43191489361635
290.70931677018564
329.24545454545347
317.2384105960263
-3.333333333332716
355.1352313167255
438.5557046979828
35.64668769716398
244.8622895622904
367.18571428571306
-13.907284768211879
350.2873239436618
563.2302405498106
237.16901408450798
521.4953488372081
375.28760330578484
269.91531531531615
239.33645484949926
246.75265017667886
432.94576271186213
206.9216216216223
512.6636363636258
324.05081967211976
244.73835125448073
413.213793103444
3.84615384615478
309.5089552238806
43.45991561181806
319.22248520710093
192.636151603499
406.44285714285536
318.8470588235293
344.44139194139126
377.0918215613372
439.158823529404
13.924050632912925
302.1423728813555
334.19496402877616
230.05812274368262
433.1510948905103
323.13333333333264
313.76351791530954
-14.373088685015608
357.97482014388356
261.8965517241378
603.2867158671552
15.94202898550878
418.3999999999979
288.62996389891657
243.0635220125792
340.3439024390245
359.8526690391452
322.54119850187215
310.20069686411097
318.94578313253015
222.93846153846178
189.38906752411717
234.0812949640296
329.365480427046
15.625000000001542
32.616487455199945
453.86666666666343
308.1058823529387
30.742049469967277
86.25392491467599
92.9310077519381
40.20415224913491
78.70000000000006
333.8947019867547
85.67912087912117
95.48620689655192
386.1619718309837
526.0177474402675
274.51824817518315
301.72286689419724
421.7601307189511
286.8622149837137
77.91411042945262
200.2916387959878
213.864516129033
204.64717607973515
48.594377510044275
331.26567164178994
390.5913043478189
135.53287671232903
316.3108303249088
261.3847457627121
222.98888888888987
915.6999999999907
351.10845070422533
221.07023411370574
544.6864864864815
98.66813186813205
103.70126182965325
208.12673267326872
171.1238095238098
870.6007092198512
253.61525423728835
212.0712538226321
270.343661971829
272.8575757575732
293.4794326241137
549.7079136690583
510.7758865248204
462.1729537366523
412.6495934959334
245.43404255319228
58.72453987730077
289.3129770992198
17.85714285714458
321.09297658862886
-12.62135922330097
272.60123456790194
916.8999999999901
363.7647058823527
32.07547169811463
206.4516129032229
9.43396226415187
740.9897959183558
293.8208955223874
230.4729927007309
278.36788321167944
252.75886287625508
105.78494623655932
533.3825938566478
-4.929577464788183
50.3759398496283
181.32018927444855
-1.0600706713773402
313.75958188152634
194.91298701298783
300.3703971119129
302.9741935483874
279.66101694913544
80.38195488721824
10.389610389611684
-0.3021148036247862
41.70040485830295
432.58333333333104
45.29914529914903
217.66956521739226
929.0999999999865
38.181818181821534
476.9361022364182
163.6655948553103
238.87681660899682
266.21052631578925
702.476190476179
-8.450704225351775
357.4822742474913
40.000000000003325
656.8749174917409
403.0674846625609
924.3999999999868
915.799999999982
489.92805755393795
499.947619047604
255.27785467128047
701.2623188405752
245.61929824561395
271.1857142857145
204.8846153846162
47.286821705430256
931.4999999999867
29.032258064518714
200.7902140672792
548.2084690553567
-4.458598726114122
211.6129032258067
325.66336996336946
249.83498349833428
141.7217712177125
933.6999999999863
320.0328671328671
186.21908127208718
303.8081081081063
178.38181818181872
262.1248322147643
214.37166123778582
259.3749999999819
264.89113924050724
91.9000000000001
503.23629893238046
194.73218390804672
304.15034965034937
930.3999999999876
435.2076677316267
418.89999999999526
263.2620253164563
477.0610389610363
364.1718309859152
333.4600760456098
229.0655172413795
256.2353697749195
450.76711409395705
247.16981132073923
484.7237942122143
242.38906752411617
53.037349397590376
21.21212121212325
369.0744966442942
39.46587537092306
849.0445859872382
122.36363636363663
200.2964912280703
325.556140350875
123.19473684210539
483.4769230769209
307.2847682119051
175.22935779817067
626.2169741697373
399.4428571428564
312.63157894736594
114.93617021276631
339.7888888888886
56.378737541528224
419.7842105263123
235.7666666666676
227.90748299319756
558.9993174061345
931.7999999999873
112.01273408239746
249.4205479452047
114.69069767441962
311.5753036437235
209.1012779552724
248.6097902097904
528.8435374149626
144.13065693430784
-5.537459283387085
147.91209964412883
209.1467576791816
96.55408805031554
117.62454873646226
375.0826086956496
12.149532710281909
52.60636042402898
43.30909090909184
117.89032258064591
185.38988326848263
145.58102189781118
196.55172413793
244.02420382165644
105.29151291513017
246.92287822878228
500.7194244604134
35.33834586466484
934.1999999999873
292.9824561403325
20.40133779264424
365.2777777777612
-13.84615384615401
323.1029850746256
266.21917808219166
848.9051094890301
221.67832167831398
156.22775800712273
90.1233766233767
249.35897435896007
96.99352517985629
736.5014084506943
179.19473684210547
-4.109589041095278
680.6061224489748
76.79565217391311
683.439490445839
636.6548042704459
33.59508196721309
281.47348242811535
134.67293233082745
48.734177215193874
42.65894039735084
315.3846153845985
202.72108843537185
312.23729372936987
263.1277777777782
39.860139860143036
282.1175182481757
427.55905511809624
419.37303370786077
330.8440860215045
96.73333333333359
376.07142857142685
841.7173010380507
288.91643835616406
90.6749116607775
36.917391304347774
276.24765100671135
737.8208480565296
36.127210884353644
296.29692832764465
354.5499999999995
247.25743944636696
264.1630996309965
475.3615384615351
238.78694158075626
94.33198380567327
514.2849162011032
265.37741935483876
758.8704225351989
222.63114754098433
-20.127795527156895
642.268041237095
368.17142857142807
105.2358974358981
38.16666666666663
207.6923076923041
42.56842105263153
41.95109034267909
228.758306188926
53.83636363636364
63.78496240601508
850.5703422053008
466.78700361009135
321.7716417910435
34.6370629370629
75.80324909747303
854.0428571428467
212.28070175438017
52.67175572519521
64.31079136690744
378.75405405405314
190.10238907849967
361.623452768729
260.74826498422703
315.3999999999993
70.17174721189598
315.03267973854526
250.03170731707417
79.83279742765357
529.351851851847
212.61538461538552
877.8573378839446
215.75527156549737
441.6666666666526
327.844086021504
31.83279742765548
234.43708609270436
38.047138047141274
80.44029850746283
702.7210884353726
313.22235649546707
60.71621621621621
256.3118541033443
61.88350515463924
685.2923076923006
58.84476534296496
13.138686131388427
292.4933579335794
-2.821316614419386
325.9590106007035
256.10508474576284
541.3738515901017
626.4797909407607
23.636363636365957
668.1098039215556
301.5275862068959
623.1270358306004
86.37662337662344
319.54901960784326
62.75973154362421
9.09090909091044
243.65325077398114
626.7117647058707
425.16950354609764
21.621621621623632
466.4514376996771
690.8262975778507
686.9986301369777
320.70336700336645
59.32805755395684
338.88100358422867
200.67567567567482
409.1303135888483
517.1814569536389
328.2999999999993
208.3000000000006
384.30656934306546
222.2222222222137
321.4810457516337
97.5878892733565
338.72641509433595
240.6358885017376
403.7313432835647
384.4808219178056
100.8196721311528
12.50000000000149
138.9283464566933
395.3830188679224
920.2999999999823
96.98686131386884
394.0711462450426
219.05695364238534
686.8697841726474
358.3564102564095
94.74918032786906
-2.698586572438156
-73.5849056603775
0.671140939598192
338.41351351351244
433.0857651245537
7.913669064749465
398.8578947368398
20.401337792644256
322.6122137404584
197.535483870968
186.49969418960328
419.46564885496105
121.62836879432663
593.9629139072808
417.92857142856917
582.4653465346497
680.4584905660262
380.2159468438515
271.0695364238411
426.1047970479686
308.7983606557375
98.63013698630633
298.3266187050356
876.5461538461435
40.98294573643353
851.4294117646895
620.2600638977544
429.65862068965225
242.33702422145353
248.85454545454633
876.6555555555336
229.7103448275866
87.82964426877477
316.0718120805366
49.70810810810816
929.499999999987
294.15087719298145
596.2193548387014
422.8070175438417
-54.88721804511357
648.5418604651097
224.7666666666671
345.94415584415566
244.91929824561356
301.1928338762212
227.07027027027144
902.5999999999868
278.82925170068023
681.8177993527421
230.1137931034485
273.1813186813185
932.6999999999928
89.50000000000016
211.1582278481028
213.02262996941994
297.0266187050357
926.1999999999845
935.0999999999875
122.32222222222268
671.6262975778403
278.29737827715303
-70.0598802395213
34.4629629629629
302.5064748201392
337.1723905723899
109.92366412214264
271.89205298013223
205.02758620689679
61.33722397476349
685.9649122806818
305.89760956175235
454.2926829268265
32.591503267973806
273.5014084507046
124.43929712460107
89.00382165605112
455.79726962456743
217.38594249201367
84.70486891385778
171.02631578947438
60.07523219814247
928.5999999999899
35.550943396226366
417.15451263537335
678.8789473684122
258.43806228373717
317.31111111111125
339.40566037735744
269.03131313131337
371.04247104245235
32.98925081433219
56.36363636364084
84.44511784511795
182.7803858520905
401.37453874538693
127.42056737588692
190.5660377358498
314.2421052631569
317.24137931032664
540.7850498338714
262.1794871794711
57.645427728613555
916.1999999999906
471.6122448979575
312.63333333333264
262.5999999999987
140.42996254681665
401.0105571847483
289.36083916083925
361.7940199335382
589.4197952218232
240.86470588235375
483.62989323841805
96.99701492537339
269.1275167785065
446.9833887043157
357.04242424242386
85.05714285714295
859.0192170818411
72.46026490066234
275.8955223880592
27.86885245901884
88.4765799256508
919.4999999999892
118.66666666666703
121.66216216216276
518.2401574803139
305.4736842105255
913.8999999999818
100.01290322580749
196.58039867109713
383.8838709677421
330.7264214046821
326.28983050846665
541.966666666661
295.26083916083917
356.0692607003885
76.19565217391312
177.19298245614493
126.36306620209095
-1.0989010989002648
205.50060790273642
678.8759075907537
607.1666666666638
221.35789473684306
90.07762237762249
330.31240875912397
226.79738562090657
560.461073825499
222.19508196721384
571.2356164383493
67.93893129771516
511.14334365324726
80.51597444089477
260.1482758620686
303.1577287066236
472.9491103202816
335.4205128205123
210.02696629213617
624.0924528301839
206.83544303797566
89.06107382550358
932.099999999986
942.7999999999944
939.0999999999923
687.0036101082882
541.6382252559533
819.2307692307497
704.4249299719804
562.4999999999942
920.7999999999823
279.2578947368411
313.53383458644765
209.70000000000093
313.3718120805351
447.13242320818574
157.62711864407282
380.42704626332807
439.3939393939202
924.8999999999864
430.6122448979443
930.2999999999943
928.3999999999883
545.1389830508408
406.0288389513096
922.3999999999828
344.65257731958684
121.33430656934337
917.3999999999844
280.90491803278695
284.26766917293224
640.9582043343589
288.06221498371366
284.61538461536884
693.730897009959
717.2516129032203
227.8563758389265
578.3313432835772
930.4999999999843
49.821505376344035
215.61666666666756
517.0410958904073
503.7615384615343
910.899999999984
614.3123674911604
420.35432098765295
-84.07643312101857
408.2666666666648
174.1935483871015
191.82781065088847
927.4999999999832
874.0259740259536
523.1280575539506
409.86446886446777
241.61678321678357
926.6999999999862
89.41688311688324
724.3974358974266
17.571794871794843
379.64705882352894
925.5999999999902
5.846031746031734
658.914334470978
769.4213991769511
270.76487455197116
467.0498084291132
787.9636363636265
858.2758620689536
118.83917525773225
112.8479750778821
273.9405797101449
277.1043771043777
274.5641791044772
384.84848484846873
108.34444444444475
316.5138686131389
275.42662116039446
87.22456140350883
91.33574007220614
673.4602409638474
543.8776223776184
237.11063829787332
657.33888888888
138.23529411765193
491.1263537906104
568.9655172413604
350.51194539247314
923.0999999999844
320.36666666666594
849.519217081839
938.399999999995
908.4999999999833
238.1954887218053
923.8999999999826
261.31612903226085
919.2999999999911
940.6999999999956
914.899999999982
906.3999999999885
36.842105263160974
344.79610894941567
926.9999999999885
722.2723404255257
223.97372262773814
232.32727272727297
288.604885993485
323.4193548387089
333.2473684210511
118.75555555555596
337.71351351351336
273.4173913043478
234.38485804415276
598.0599277978297
336.3439024390233
608.8026217228426
396.53643410852715
255.4515679442511
866.3777777777607
932.4999999999869
618.0451127819348
289.4736842105076
476.0044176706815
277.90331125827805
573.4178807946962
922.2999999999842
927.1999999999861
225.13880126183045
283.58840125391885
235.84564459930368
319.9666666666659
238.9830508474448
709.1872791519254
923.499999999983
927.2999999999845
235.3518413597741
912.6999999999813
253.82970297029715
922.2999999999918
574.7773584905551
322.07817589576536
306.30992907801453
557.2085106382902
437.90648464163326
857.9957597173044
215.5935064935074
920.999999999985
312.6771241830062
392.1481481481467
467.10188679244703
276.1920529801326
404.487421383642
294.1331269349855
856.4333333333243
705.6792079207855
272.69372693725444
494.8756097560921
370.08041958041923
923.7999999999854
374.2941176470585
76.65615141956343
925.7999999999926
709.2755905511793
281.00769230769197
546.9857142857077
597.9990825687988
479.10955414011676
311.04294478526214
925.2999999999943
326.58322147650955
170.16440677966142
645.1612903225666
442.96179401991765
699.9999999999806
343.2962962962952
908.4999999999861
671.5697841726534
926.9999999999833
553.8884057970986
511.7484848484776
657.9622377622323
213.59817629179418
251.3189189189195
474.35928338761886
350.34883720930236
909.4999999999817
930.3999999999855
523.5142857142803
385.3082474226751
799.2431438126989
-8.805031446540536
618.3035369774776
239.42996515679476
471.3037974683477
931.0999999999873
238.20175438596493
151.67785234899813
363.36308724832
5.084745762712966
589.1385767790166
245.98831168830856
419.8675496688583
-6.262500000000049
-3.333333333332773
-3.8940766550522596
695.5687285223268
566.6666666666489
941.299999999988
473.34771241829804
386.00656934306534
-2.3092150170648686
-1.4598540145977836
515.3582089552178
207.61290322580686
442.2903114186821
903.7999999999965
328.8753086419732
302.2420382165567
930.6999999999858
214.06343042071248
935.8999999999858
308.7216216216176
251.8750000000001
111.09888475836476
293.6622149837135
315.96336996336987
431.2499999999821
859.219217081843
357.9824175824157
588.311688311671
309.5563139931559
266.2264797507793
164.084507042259
869.0402877697724
318.0363636363624
717.0258160237264
309.8939929328477
3.990909090909085
114.06727828746716
1.717228464419474
4.939776951672858
420.5529411764699
605.579505300346
265.5172413792921
920.9999999999853
375.3521126760425
248.68421052629998
389.0282131661328
370.05263157894433
893.5969696969593
702.3829351535716
847.9166666666441
216.66666666666066
259.81897810218845
231.21587301587326
25.000000000002473
29.151291512917858
331.8580441640367
214.53728813559366
297.4358974358812
455.09708029196986
202.3952095808368
245.63758389260283
177.95527156550062
475.36099290779987
181.04575163399213
388.6600682593833
196.1783439490449
943.5999999999864
221.70542635658134
274.1935483870804
539.6648648648593
317.0490196078413
416.23376623375214
937.899999999986
499.3265993265809
942.0999999999893
925.399999999993
