3.9241610738254415
-10.527129337539412
-9.176712328767103
-6.735153583617736
-9.902189781021857
-94.93859649122709
-8.94812286689419
-6.851968503937
-8.94812286689419
-8.615602836879425
-9.901587301587295
-8.054545454545448
-7.096124031007745
-7.730111524163561
-7.947985347985341
-9.277181208053683
-8.759169550173002
-9.131986531986524
-8.901369863013691
-8.994557823129245
-7.2153846153846075
-8.901369863013691
-5.383982683982676
-9.131986531986524
-8.906896551724131
-9.001369863013691
-7.54848484848484
-7.026984126984118
-8.259566787003603
-8.094117647058816
-31.023676012461003
-10.692307692307683
-9.30136986301369
-9.311111111111101
-88.23529411764629
-85.07462686567105
-86.9281045751627
-86.3945578231286
-86.15916955017236
-86.3945578231286
-85.61151079136629
-86.11111111111046
-86.57718120805302
-80.23715415019737
-82.63888888888843
-79.72972972972948
-67.53578274760429
-38.5615384615384
-16.21149425287351
-84.70948012232358
-8.733110367892948
-81.13207547169773
-33.42014388489199
-14.052380952380911
-81.48148148148108
-86.01398601398537
-84.0764331210184
-83.55263157894686
-85.61151079136629
-87.3015873015866
-84.22712933753888
-85.8156028368788
-83.49834983498299
-81.81818181818146
-13.36012269938644
-80.95238095238058
-81.01265822784778
-84.9056603773579
-86.66666666666599
-81.9211920529808
-18.3610169491525
-80.84291187739427
-42.631543624161296
-8.850965250965173
-80.69498069498034
-80.39215686274476
-43.31730103806238
-85.96491228070111
-74.82014388489235
-93.0795847750855
-93.99399399399293
-62.96296296296347
-89.43661971830885
-66.94214876032966
-47.20496894409981
-93.00699300699199
-62.71186440678062
-93.69085173501472
10.266159695817779
-91.40401146131717
-48.805460750853705
-93.35548172757372
-76.51006711409401
-52.38095238095283
-70.3703703703709
-43.57366771159899
-93.17406143344607
-86.92810457516235
-53.90070921985872
-42.238267148014764
-92.15686274509707
-93.22033898304981
-50.000000000001066
-37.28222996515703
-47.955390334572904
-91.34199134199041
-89.86486486486402
-36.02693602693625
-43.82022471910216
-58.33333333333432
-86.53198653198588
-84.73282442748048
-93.42105263157791
-27.480916030534225
-89.32384341636929
-92.67399267399168
-26.829268292682865
-34.64052287581702
-85.55956678700302
-38.65030674846719
-65.62500000000094
-54.83870967742013
-72.02797202797223
-77.12418300653593
-89.76109215016972
-89.1304347826077
-93.0313588850164
-72.12543554006989
-29.368029739777985
-87.75510204081566
-85.6115107913663
-83.33333333333283
-85.8657243816248
-86.71096345514881
-86.57718120805302
-84.73282442748034
-85.71428571428508
-85.96491228070111
-81.94945848375414
-86.30136986301304
-84.4961240310072
-85.61151079136629
-86.01398601398537
-85.91549295774584
-84.67432950191514
-83.27759197324364
-84.61538461538406
-87.13826366559415
-82.0143884892082
-85.23985239852338
-81.94945848375409
-85.40145985401398
-84.61538461538404
-86.88524590163865
-86.15916955017236
-87.6160990712067
-88.09523809523735
-87.46081504702123
-87.69230769230695
-87.13826366559415
-86.20689655172349
-8.239852398523976
-8.10145985401459
-7.632824427480907
-87.98798798798724
-9.15429553264604
-7.805660377358482
-9.870684039087939
-8.30145985401459
-8.913986013986005
-84.06374501991978
-10.704878048780479
-9.340677966101687
-85.55956678700299
-9.477181208053683
-86.44067796610103
-87.05501618122908
-83.44370860927101
-77.94117647058802
-85.0187265917597
-80.51948051948017
-45.736434108528165
-93.63057324840659
-90.90909090909005
-93.24324324324222
-37.71626297577907
-87.98798798798735
-80.95238095238072
-87.73006134969252
-91.99999999999903
-82.93515358361671
-87.09677419354769
-72.12543554007017
-84.06374501991978
-84.27672955974788
-83.10810810810761
-43.21766561514267
-75.26501766784469
-55.28455284552931
-82.51748251748205
-84.73282442748034
-87.09677419354769
-77.77777777777786
-92.77978339350081
-86.34812286689359
-86.20689655172349
-85.0187265917597
-60.288808664260394
-63.696369636964334
-86.2068965517236
-84.75609756097504
-85.40145985401412
-86.25429553264539
-84.25196850393645
-80.98859315589316
-85.23985239852338
-85.34798534798475
-43.06049822064111
-93.42105263157791
-92.36641221373948
-33.77483443708717
-67.42671009772067
-85.66308243727536
-82.57839721254254
-83.7133550488596
-86.66666666666599
-82.51748251748205
-88.13056379821883
-82.20640569394973
-82.63888888888843
-49.494949494950326
-80.62015503875939
-74.72924187725614
-84.3260188087769
-86.44067796610103
-80.76923076923063
-84.06374501991978
-85.8657243816248
-86.25429553264539
-84.06374501991978
-86.20689655172349
-86.0627177700342
-85.23985239852338
-87.6160990712067
-84.22712933753904
-70.58823529411787
-61.93771626297642
-86.53198653198586
-73.68421052631615
-85.8156028368788
-86.01398601398537
-85.8657243816248
-87.13826366559415
-86.25429553264539
-85.29411764705821
-88.70056497175062
-83.81877022653669
-87.22044728434433
-86.75496688741653
-85.23985239852338
-86.3945578231286
-87.91540785498415
-83.05084745762665
-92.67399267399168
-64.78873239436702
-84.4961240310072
-87.13826366559415
-87.87878787878714
-86.01398601398537
-78.57142857142833
-79.79797979797951
-87.6160990712067
-84.79087452471425
-87.01298701298631
-81.68498168498128
-71.51898734177234
-86.48648648648586
-85.45454545454484
-85.55956678700299
-87.09677419354769
-85.40145985401398
-85.8657243816248
-85.71428571428508
-86.30136986301304
-86.84210526315721
-87.09677419354769
-87.09677419354769
-84.962406015037
-86.57718120805302
-84.84848484848426
-85.71428571428508
-85.50724637681097
-86.79867986798611
-86.71096345514881
-87.05501618122908
-85.45454545454484
-85.40145985401398
-85.61151079136629
-86.15916955017236
-83.99999999999946
-86.34812286689353
-87.53894080996812
-86.3945578231286
-86.79867986798611
-86.75496688741653
-87.42138364779802
-86.62207357859464
-87.3015873015866
-86.57718120805302
-86.48648648648582
-84.555984555984
-86.53198653198586
-85.61151079136629
-86.79867986798611
-87.6160990712067
-85.50724637681097
-86.84210526315721
-85.07462686567105
-10.196774193548379
-82.68398268398222
-86.0627177700342
-7.939852398523977
-8.14798534798534
-9.42207357859531
-9.938263665594848
-9.59867986798679
-9.755016181229765
-8.71549295774647
-8.813986013986005
-7.64848484848484
-7.59087452471482
-8.959169550173002
-6.851968503937
-9.89677419354838
-10.823952095808375
-9.97948717948717
-8.094117647058816
-8.14798534798534
-11.03529411764705
-10.061146496815278
-7.505660377358485
-8.207246376811586
-10.895238095238087
-7.762406015037586
-11.403988603988596
-7.9941176470588164
-9.240677966101687
-8.911111111111103
-9.131986531986524
-8.314285714285706
-10.101587301587294
-8.359566787003603
-9.00689655172413
-9.42207357859531
-9.194557823129244
-10.221383647798733
-7.64848484848484
-9.42207357859531
-7.3559845559845485
-9.72810457516339
-8.565124555160134
-9.377181208053683
-9.89677419354838
-10.141772151898726
-9.14812286689419
-10.221383647798733
-85.71428571428508
-28.15405405405392
-92.85714285714185
-31.83308550185847
-81.0606060606051
-83.44370860927047
-68.94409937888265
-85.0187265917597
-57.29537366548144
-90.0332225913611
-93.10344827586104
-92.67399267399168
-93.71069182389832
-79.42386831275712
-85.45454545454444
-72.78911564625845
-60.52631578947437
-93.17406143344607
-73.33333333333343
-93.67088607594832
-51.4925373134333
-92.30769230769133
-33.0855018587364
-102.25496688741643
-10.554320987654313
-10.704878048780479
-10.43894080996884
-85.8156028368788
-64.66431095406409
-93.26599326599224
-60.264900662252664
-79.99999999999969
-10.530061349693243
-9.77068403908794
-9.366666666666658
-8.411510791366899
-8.563082437275977
-85.61151079136629
-72.97297297297197
-50.4132231404969
-62.12121212121282
-88.805970149253
-32.384341637011566
-49.6923076923086
-39.024390243903305
-89.6907216494835
-93.1972789115636
-91.99999999999903
-58.95522388059804
-93.3333333333323
-81.8181818181812
-90.53627760252283
-17.63636363636357
-92.75362318840479
-67.74193548387098
-92.45283018867826
-81.81818181818151
-92.64705882352841
-60.264900662252224
-92.42424242424144
-25.925925925926027
-80.58252427184436
-32.535640138408084
-54.06360424028372
-89.36170212765856
-83.22147651006655
-40.424390243902366
-87.95180722891492
-92.98245614034987
-92.98245614034987
-92.80575539568244
-92.88256227757907
-66.8874172185427
-79.02097902097879
-69.89966555183969
-58.620689655173344
-86.5319865319857
-75.30864197530857
-94.30199430199322
-93.71069182389832
-93.0313588850164
-93.78881987577535
-92.75362318840479
-75.08896797153027
-55.93220338983158
-88.50574712643608
-89.86486486486402
-28.293069306930605
-55.05617977528147
-90.32258064516047
-93.17406143344607
-85.29411764705783
-52.029520295204016
-83.6601307189539
-93.73040752350991
-82.93515358361729
-69.46564885496242
-89.6907216494837
-93.22033898304981
-93.22033898304981
-93.31103678929662
-87.91540785498415
-91.76954732510193
-92.85714285714185
-93.31103678929662
-22.56101694915251
-9.310963455149494
-7.939852398523977
-8.259566787003603
-9.938263665594848
-9.240677966101687
-10.795238095238087
-8.411510791366899
-9.89677419354838
-7.705660377358482
-9.92044728434504
-9.89677419354838
-8.959169550173002
-11.138192419825065
-7.432824427480908
-8.665724381625434
-11.750276243093914
-8.463082437275977
-10.859701492537305
-9.59867986798679
-9.086486486486478
-10.930563798219577
-7.64848484848484
-9.00689655172413
-10.78798798798798
-7.985185185185177
-9.240677966101687
-8.254545454545447
-10.199999999999992
-10.299999999999992
-7.59087452471482
-7.818726591760292
-9.59867986798679
-7.748484848484839
-10.87878787878787
-10.43894080996884
-7.632824427480907
-8.954295532646041
-10.804878048780479
-9.013986013986004
-7.54848484848484
-9.159169550173
-10.301587301587293
-9.10689655172413
-9.75496688741721
-9.30136986301369
-9.248122866894189
-8.3115107913669
-9.885245901639335
-9.30136986301369
-8.34798534798534
-8.913986013986005
-10.160815047021936
-8.765724381625434
-9.45496688741721
-9.99677419354838
-10.261146496815277
-9.111111111111102
-8.865724381625434
-10.241772151898726
-7.748484848484839
-9.248122866894189
-8.294117647058815
-7.805660377358482
-9.69677419354838
-9.431986531986523
-8.762717770034836
-92.80575539568244
-93.31103678929662
-92.77978339350081
-93.05555555555453
-93.37748344370758
-92.9328621908117
-66.66666666666754
-83.5526315789469
-92.67399267399168
-93.67088607594832
-93.127147766322
-92.90780141843871
-92.39543726235644
-93.15068493150582
-83.53909465020539
-83.16498316498284
-92.64705882352841
-86.75496688741654
-93.46405228758066
-52.978056426333346
-16.204651162790654
-89.93288590603943
-90.29126213592127
-24.255555555555574
-76.09561752988066
-92.53731343283484
-93.0795847750855
-89.99999999999915
-80.19801980197914
-93.0313588850164
-38.69731800766387
-39.415789473684384
-90.96385542168568
-89.65517241379207
-57.516339869281474
-59.62732919254764
-91.07142857142749
-72.31833910034632
-69.9248120300754
-51.946987951808026
-33.572549019607635
-30.06993006993104
-93.05555555555453
-93.0795847750855
-93.80804953560265
-93.71069182389832
-91.80327868852363
-92.75362318840479
-64.28571428571513
-92.0634920634911
-93.3333333333323
-50.46439628483078
-62.73291925465938
-61.29032258064583
-37.293729372938195
-34.54545454545455
-84.90566037735803
-51.388888888889575
-31.954545454545364
-76.83397683397695
-82.24852071005881
-93.46405228758066
-93.3333333333323
-57.597173144876926
-92.75362318840479
-55.2845528455295
-94.15204678362466
-93.26599326599224
-77.6119402985073
-92.619926199261
-45.20547945205581
-87.85425101214508
-92.9328621908117
-71.1538461538467
-89.69072164948376
-68.30985915492988
-92.98245614034987
-91.96787148594281
-55.479452054795544
-65.38461538461632
-71.78683385579828
-88.23529411764632
-50.17793594306151
-37.269372693727
-23.07692307692331
-86.15916955017236
-92.4812030075178
-82.5783972125433
-58.04195804195873
-58.1881533101056
-92.72727272727172
-52.702702702703746
-44.029850746269666
-86.9281045751627
-92.90780141843871
-93.17406143344607
-78.65853658536567
-88.929889298892
-80.51948051948034
-92.95774647887222
-52.238805970150274
-81.27340823970002
-83.38870431893585
-93.22033898304981
-93.42105263157791
-49.83277591973329
-59.976470588235834
-70.26022304832733
-76.02739726027318
-49.0181818181827
-93.46405228758066
-86.25429553264551
-81.19122257053257
-23.82218430034125
-10.930563798219577
-8.764912280701747
-8.762717770034836
-7.64848484848484
-10.221383647798733
-7.930111524163561
-9.79677419354838
-9.685245901639336
-10.299999999999992
-11.305747126436774
-10.33894080996884
-9.812987012987005
-9.05429553264604
-9.05429553264604
-9.194557823129244
-9.240677966101687
-9.855016181229765
-10.965680473372773
-10.181703470031538
-9.72810457516339
-9.14812286689419
-8.254545454545447
-8.565124555160134
-7.830111524163561
-7.255984555984549
-9.05429553264604
-9.00689655172413
-9.05429553264604
-8.813986013986005
-9.05429553264604
-8.813986013986005
-10.260815047021936
-9.331986531986523
-9.89677419354838
-8.359566787003603
-8.359566787003603
-8.515602836879426
-9.79677419354838
-10.751807228915654
-9.685245901639336
-8.363082437275978
-9.331986531986523
-9.938263665594848
-9.240677966101687
-7.296124031007745
-10.299999999999992
-10.454320987654313
-6.951968503937
-9.642105263157887
-7.532824427480907
-9.10136986301369
-5.963598326359826
-8.254545454545447
-8.665724381625434
-9.642105263157887
-10.751807228915654
-8.906896551724131
-8.465124555160134
-7.818726591760292
-7.64848484848484
-85.63218390804545
-82.81786941580692
-83.1081081081078
-20.127795527156696
-41.8282548476457
-91.9028340080962
-47.761194029851
-67.10526315789554
-59.259259259259764
-46.03174603174708
-93.67088607594832
-93.0313588850164
-45.37483443708615
-38.11074918566881
-45.71976047904213
-34.61538461538548
-93.10344827586104
-80.69498069498034
-2.8776978417266736
-91.35446685878871
-93.1972789115636
-93.42105263157791
-93.58974358974254
-56.363636363637404
-93.56913183279639
-88.929889298892
-88.59315589353541
-70.87378640776629
-69.79865771812139
-81.34328358208856
-59.45945945946035
-56.65634674922679
-49.664429530202334
-58.06451612903331
-80.9523809523808
-3.4749034749032264
-77.94117647058829
-86.79867986798624
-89.36170212765882
-31.199261992619668
-62.84829721362335
-44.26229508196807
-43.75000000000106
-28.8135593220345
-93.63057324840659
-32.00000000000102
-54.385964912281125
-31.506849315069495
-71.31147540983629
-90.88145896656428
-42.08494208494315
-93.0313588850164
-82.81786941580728
-41.55342019543957
-87.13826366559404
-56.375838926175575
-58.86075949367195
-92.33716475095687
-93.39933993399237
-20.792079207921397
-8.813986013986005
-10.299999999999992
-90.32258064516041
-16.047328244274638
-92.5925925925916
-93.42105263157791
-68.64111498257877
-93.26599326599224
-26.785245901639307
-8.411510791366899
-9.585245901639336
-10.221383647798733
-8.094117647058816
-7.930111524163561
-11.750276243093914
-9.77068403908794
-8.363082437275978
-11.205797101449267
-9.628104575163391
-10.715407854984885
-9.10136986301369
-10.492307692307683
-9.628104575163391
-7.662406015037586
-8.307246376811586
-8.764912280701747
-8.764912280701747
-8.665724381625434
-7.7746268656716335
-9.97948717948717
-9.140677966101688
-9.377181208053683
-9.642105263157887
-9.97948717948717
-9.094557823129245
-9.331986531986523
-8.20145985401459
-10.181703470031538
-9.00689655172413
-9.14812286689419
-8.61549295774647
-9.00689655172413
-9.32207357859531
-8.411510791366899
-10.141772151898726
-10.061146496815278
-9.72810457516339
-9.377181208053683
-10.530061349693243
-10.46758409785932
-9.89677419354838
-8.911111111111103
-8.359566787003603
-8.759169550173002
-8.254545454545447
-9.59867986798679
-9.59867986798679
-8.14798534798534
-7.874626865671633
-7.7187265917602925
-10.715407854984885
-7.818726591760292
-9.89677419354838
-5.678723404255312
-11.03529411764705
-9.00689655172413
-9.366666666666658
-8.515602836879426
-10.492307692307683
-8.911111111111103
-8.359566787003603
-9.97948717948717
-9.510963455149493
-8.813986013986005
-8.713986013986005
-9.240677966101687
-11.104093567251454
-9.331986531986523
-9.331986531986523
-6.002489626556008
-9.855016181229765
-10.020447284345039
-8.911111111111103
-9.755016181229765
-10.492307692307683
-9.14812286689419
-9.331986531986523
-8.862717770034836
-8.254545454545447
-8.359566787003603
-9.286486486486478
-9.240677966101687
-8.411510791366899
-6.989723320158095
-8.664912280701747
-8.565124555160134
-8.20145985401459
-8.515602836879426
-9.466666666666658
-7.9941176470588164
-9.10136986301369
-9.277181208053683
-8.154545454545447
-9.685245901639336
-8.307246376811586
-8.259566787003603
-9.286486486486478
-8.71549295774647
-9.05429553264604
-8.514285714285705
-9.286486486486478
-8.094117647058816
-9.00689655172413
-7.113725490196071
-9.00689655172413
-9.466666666666658
-10.895238095238087
-9.961146496815278
-10.416099071207421
-8.514285714285705
-7.985185185185177
-8.10145985401459
-8.20145985401459
-10.67878787878787
-7.874626865671633
-10.965680473372773
-92.12598425196754
-93.35548172757372
-90.90909090909005
-46.09096209912569
-93.28859060402581
-48.275862068965786
-45.51282051282099
-77.77777777777672
-93.1972789115636
-89.9665551839457
-47.36842105263259
-76.19047619047521
-93.44262295081863
-21.631182795698926
-77.18631178707213
-92.88256227757907
-58.620689655173464
-66.99669966996785
-91.35446685878871
-92.85714285714185
-16.666666666666657
-75.35211267605612
-54.06360424028363
-15.173408239700366
-8.959169550173002
-10.181703470031538
-9.72810457516339
-10.377639751552787
-7.135797665369642
-9.42207357859531
-9.685245901639336
-8.811111111111103
-11.588888888888881
-8.20145985401459
-7.674626865671634
-8.813986013986005
-9.855016181229765
-86.06271777003427
-63.63636363636465
-72.72727272727316
-51.61290322580741
-76.97368421052643
-67.42671009772064
-60.91205211726492
-71.69811320754768
-93.63057324840659
-73.06397306397206
-48.80546075085386
-92.90780141843871
-93.42105263157791
-86.11111111111059
-14.16309012875619
-29.17342657342632
-37.28222996515781
-51.36778115501628
-62.40601503759503
-66.99669966996679
-93.127147766322
-85.81560283687892
-92.85714285714185
-33.285185185185014
-77.35849056603766
-48.80546075085418
-93.24324324324222
-90.03322259136132
-21.28333333333336
-92.85714285714185
-75.60975609756093
-90.1960784313715
-92.4812030075178
-64.15770609319063
-32.91818181818162
-79.07949790794915
-20.265780730897486
-93.52750809061384
-45.31250000000039
-93.31103678929662
-78.94736842105249
-40.985459940652916
-92.7007299270063
-92.15686274509707
-31.654676258993813
-93.26599326599224
-67.74193548387179
-81.48148148148128
-78.8732394366197
-36.907299270073054
-75.26501766784453
-35.69131832797515
-25.96874999999991
-87.05501618122871
-93.90243902438918
-44.70684931506939
-70.09966777408701
-93.42105263157791
-81.30841121495237
-93.31103678929662
-92.95774647887222
-93.99399399399293
-93.00699300699199
-90.2597402597394
-84.80243161094184
